"","hum","temp","atemp","windspeed","registered","season","cnt"
"1",9.24756713334863e-05,3.94958687170071e-05,4.17288271746615e-05,1.8412439752123e-05,7.61945594288437e-05,1,985
"2",7.98814551296764e-05,4.17119577691072e-05,4.05943309616709e-05,2.85218039935736e-05,9.59897213633291e-05,1,801
"3",5.01805141152169e-05,2.25343126004131e-05,2.17357126463163e-05,2.84954096855635e-05,0.000104549600491221,1,1349
"4",6.77570576084462e-05,2.29515721826945e-05,2.43426669726876e-05,1.8395226072986e-05,0.000106823258494359,1,1562
"5",5.01442506311682e-05,2.6045099839339e-05,2.63105347716319e-05,2.1448244204728e-05,0.000108876520541657,1,1600
"6",5.94745237548772e-05,2.34505393619463e-05,2.676256598577e-05,1.02783107642874e-05,0.000108469758945611,1,1606
"7",5.72292862061051e-05,2.25524443424375e-05,2.39659169153087e-05,1.93626348404866e-05,0.000103510070572285,1,1510
"8",6.14910488868488e-05,1.8935047050723e-05,1.86199219646546e-05,3.06178563231581e-05,0.000106620702892496,1,959
"9",4.98240761992197e-05,1.58747991737434e-05,1.33319944916227e-05,4.15366077576314e-05,0.000107219023335215,1,822
"10",5.54185219187514e-05,1.73092724351618e-05,1.7315584117512e-05,2.56216433325683e-05,0.00011119611049905,1,1321
"11",7.87656644480147e-05,1.940452145972e-05,2.19719990819371e-05,1.40156070690842e-05,0.000110850823685223,1,1263
"12",6.88025017213679e-05,1.98217810420014e-05,1.84155382143677e-05,3.49583428964884e-05,0.000112288888002253,1,1162
"13",5.3984048657333e-05,1.8935047050723e-05,1.73150103282075e-05,3.45421161349552e-05,0.000111656297105,1,1406
"14",6.17197613036493e-05,1.84610970851503e-05,2.16218728482901e-05,1.45223777828781e-05,0.000110396900681715,1,1421
"15",5.72354831305944e-05,2.67767959605233e-05,2.84728023869635e-05,1.81274959834749e-05,9.43442029625183e-05,1,1248
"16",5.55141152168924e-05,2.65856093642415e-05,2.68782419095708e-05,2.16241680055084e-05,9.08340875835044e-05,1,1204
"17",6.16823502409915e-05,2.01782189579986e-05,2.02858618315355e-05,2.22649759008492e-05,0.000101331191186596,1,1000
"18",9.88830617397292e-05,2.48642414505394e-05,2.66620380996098e-05,1.68435850355749e-05,0.000113245678266004,1,683
"19",8.51203809960982e-05,3.35292632545329e-05,3.42462703695203e-05,2.39060133119119e-05,0.000109332943852108,1,1650
"20",6.17779435391324e-05,3.00283451916456e-05,2.92689924259812e-05,2.24815239843929e-05,0.000109814995082742,1,1927
"21",5.24538673399128e-05,2.03695203121414e-05,1.81125774615561e-05,4.05372963047969e-05,0.00010917987026635,1,1543
"22",4.5903144365389e-05,6.785678218958e-06,9.07385815928391e-06,1.97349093412899e-05,0.000103878675322287,1,981
"23",5.00943309616709e-05,1.10766238237319e-05,1.13425636906128e-05,2.82992885012623e-05,9.72997684824169e-05,1,986
"24",5.64309157677301e-05,1.11764172595823e-05,1.35333945375258e-05,1.81696121184301e-05,0.000107788103824095,1,1416
"25",7.08006655955933e-05,2.5645857241221e-05,2.69137020885931e-05,1.48951113151251e-05,0.000104004731376996,1,1985
"26",9.89786550378701e-05,2.49598347486803e-05,2.3364700481983e-05,3.37215974294239e-05,0.0001070468584015,1,506
"27",7.88960293780124e-05,2.23777828781272e-05,2.52123020426899e-05,1.3063690612807e-05,0.000110763967842238,1,431
"28",9.1007918292403e-05,2.33507000229516e-05,2.5627381225614e-05,1.41496442506312e-05,0.000111021101089384,1,1167
"29",7.47921735138857e-05,2.25524443424375e-05,2.43431260041313e-05,1.66817764516869e-05,0.000101902472122619,1,1098
"30",8.28751434473261e-05,2.48476015607069e-05,2.87264172595823e-05,8.49008492081708e-06,0.000100099010066861,1,1096
"31",6.92850585265091e-05,2.0752008262566e-05,2.13736515951343e-05,2.14817535001148e-05,0.000111546781527486,1,1501
"32",9.51991048886849e-05,2.20534771631857e-05,2.69141611200367e-05,6.10661005278862e-06,0.000110791964249551,1,1360
"33",8.89851962359422e-05,2.98370438375029e-05,2.9196350700023e-05,3.03314207023181e-05,0.000109343335365786,1,1526
"34",5.0243975212302e-05,2.14547854028001e-05,2.04128987835667e-05,3.18742253844388e-05,0.000110241583806555,1,1550
"35",6.71582510901997e-05,2.42487950424604e-05,2.6232155152628e-05,1.46705301813174e-05,0.000108845277915589,1,1708
"36",0.000106629217351389,2.67767959605233e-05,2.78928161579068e-05,1.84850814780813e-05,0.000103339168285266,1,1005
"37",6.52206793665366e-05,3.28015836584806e-05,3.34715400504935e-05,1.62726646775304e-05,8.97274956865044e-05,1,1623
"38",8.47295157218269e-05,3.11759238007804e-05,3.48471425292633e-05,5.21095937571724e-06,0.000106714085615799,1,1712
"39",6.17302042689924e-05,2.53423226991049e-05,2.27502868946523e-05,4.15366077576314e-05,0.000109957532090948,1,1530
"40",5.67802386963507e-05,1.54674087675006e-05,1.65576084461786e-05,2.16707596970392e-05,0.000110968348995458,1,1605
"41",5.01940555428047e-05,1.65650677071379e-05,1.7161808583888e-05,2.54687858618315e-05,0.000111250956191149,1,1538
"42",5.81092494835896e-05,2.16996786779894e-05,2.45018361257746e-05,1.24569658021574e-05,0.000104964664306309,1,1746
"43",6.24474408997016e-05,2.55336240532476e-05,2.67333027312371e-05,2.33379619003902e-05,9.2305235952141e-05,1,1472
"44",5.24892127610741e-05,3.63233876520542e-05,3.71945145742483e-05,2.99383750286895e-05,8.6086450729301e-05,1,1589
"45",4.31297911406931e-05,4.76245122790911e-05,4.57137938948818e-05,NA,0.00010228026809068,1,1913
"46",3.60739040624283e-05,3.05355749368832e-05,2.91799403259123e-05,3.34374569658022e-05,0.000105906014892599,1,1815
"47",4.85974294239155e-05,3.65229515721827e-05,3.628643562084e-05,2.88949965572642e-05,0.000102929391088822,1,2115
"48",5.79527197613036e-05,5.00152627955015e-05,4.91918751434473e-05,2.64062428276337e-05,0.000102748856478487,1,2475
"49",5.92915997245811e-05,5.98653890291485e-05,5.87540739040624e-05,3.04022263025017e-05,9.20572112828267e-05,1,2927
"50",NA,4.58075510672481e-05,4.49166857929768e-05,NA,7.74176884327586e-05,1,1635
"51",4.68012393848979e-05,3.27308928161579e-05,3.18257975671334e-05,2.5617971081019e-05,7.42886152602116e-05,1,1812
"52",6.94285058526509e-05,3.48098462244664e-05,3.25998393389947e-05,3.53277484507689e-05,9.45430615655709e-05,1,1107
"53",6.63045673628644e-05,2.09114069313748e-05,2.1348749139316e-05,2.24561624971311e-05,0.000108901252839268,1,1450
"54",4.85475097544182e-05,2.54462933210925e-05,2.81979573100757e-05,1.08002065641496e-05,0.000106436868390273,1,1917
"55",8.00310993803076e-05,3.392839109479e-05,3.3186940555428e-05,2.87463851273812e-05,0.000108407121515937,1,1807
"56",8.17275648381914e-05,4.18117971081019e-05,4.02181546935965e-05,3.97680743630939e-05,0.000105332163918526,1,1461
"57",6.17302042689924e-05,3.2419095708056e-05,3.23837502868946e-05,2.14104888684875e-05,9.00461630834511e-05,1,1969
"58",7.80353454211614e-05,3.94168005508377e-05,4.02925177874684e-05,1.43731925636906e-05,8.1601343230729e-05,1,2402
"59",0.000100569658021574,4.67377782878127e-05,4.59166857929768e-05,3.32437456965802e-05,0.000108329516007531,1,1446
"60",6.13954555887078e-05,3.0602134496213e-05,3.02821895799862e-05,2.48364700481983e-05,0.000106264167264015,1,1851
"61",5.15931833830617e-05,3.84438834060133e-05,3.67306633004361e-05,3.5326256598577e-05,0.000102335618237272,1,2134
"62",3.65312141381685e-05,2.27602708285518e-05,2.2966834978196e-05,2.59070461326601e-05,0.000106380877594566,1,1685
"63",7.00501491852192e-05,3.00283451916456e-05,2.93411751204958e-05,2.3335551985311e-05,0.000102125051121557,1,1944
"64",9.05631168235024e-05,4.4086183153546e-05,4.34678677989442e-05,2.89041771861373e-05,7.93967482583823e-05,1,2077
"65",0.00010882040394767,4.32088593068625e-05,4.20302960752812e-05,3.93948817994033e-05,9.31340656339091e-05,1,605
"66",6.32664677530411e-05,3.00366077576314e-05,2.73652742712876e-05,3.91728253385357e-05,9.98001055379986e-05,1,1872
"67",4.82938948817994e-05,3.35666743171907e-05,3.47027771402341e-05,1.38455359192105e-05,9.77566963336989e-05,1,2133
"68",8.89851962359422e-05,3.39491622676153e-05,3.28905210006885e-05,2.5263943080101e-05,0.00010316677078419,1,1891
"69",NA,4.4651250860684e-05,4.42584347027771e-05,3.00524443424375e-05,0.000106284567812317,1,623
"70",7.45426899242598e-05,3.63233876520542e-05,3.50011475786091e-05,2.67351388570117e-05,0.000100420384107389,1,1977
"71",6.82330732155153e-05,3.7774500803305e-05,3.73823731925637e-05,2.53356667431719e-05,7.57875554250325e-05,1,2132
"72",6.05222630250172e-05,4.41069543263714e-05,4.36184301124627e-05,3.10539361946293e-05,NA,1,2417
"73",5.70297222859766e-05,3.73212072526968e-05,3.80996098232729e-05,1.57133348634381e-05,9.46219508118418e-05,1,2046
"74",7.52412210236401e-05,3.6423112233188e-05,3.65134266697269e-05,2.11509065871012e-05,9.86270137325418e-05,1,2056
"75",8.91120036722516e-05,4.19115216892357e-05,4.21081019049805e-05,2.33092724351618e-05,9.79525354786073e-05,1,2192
"76",6.91894652283681e-05,4.76245122790911e-05,4.70889373422079e-05,2.40508377323847e-05,9.70255966906911e-05,1,2744
"77",6.02727794353913e-05,6.19692448932752e-05,6.04784255221483e-05,2.65110167546477e-05,8.34377161010275e-05,1,3239
"78",4.35123938489787e-05,5.42230892816158e-05,5.35374110626578e-05,4.22500573789305e-05,NA,1,3117
"79",5.43665366077576e-05,3.81569887537296e-05,3.73823731925637e-05,2.38376176268074e-05,NA,1,2471
"80",8.46214138168465e-05,4.93957998622906e-05,4.70203121413817e-05,3.31401193481753e-05,9.26019137655176e-05,2,2077
"81",7.16758090429194e-05,5.06847601560707e-05,5.05671333486344e-05,2.59065871012164e-05,9.52282212463629e-05,2,2703
"82",9.63466834978196e-05,3.98160431489557e-05,3.8781156759238e-05,2.6883291255451e-05,0.00010377443528149,2,2121
"83",9.24756713334863e-05,3.27059903603397e-05,3.10802157447785e-05,2.79764746385127e-05,0.000104543488306697,2,1865
"84",5.68051411521689e-05,3.03152398439293e-05,2.9413816846454e-05,2.6477507459261e-05,9.91798707442229e-05,2,2210
"85",4.52337617626807e-05,3.05064264402112e-05,2.9558296993344e-05,2.40499196694974e-05,NA,2,2496
"86",5.6680399357356e-05,2.90386733991278e-05,2.87283681432178e-05,2.1149873766353e-05,8.27639386741583e-05,2,1693
"87",3.46768418636677e-05,3.03360110167546e-05,2.95586412669268e-05,2.43520771172825e-05,0.000102195609866731,2,2028
"88",3.60531328896029e-05,3.47142529263255e-05,3.36134955244434e-05,2.60495753959146e-05,9.97565240435465e-05,2,2425
"89",7.42101216433326e-05,3.44273582740418e-05,3.41232499426211e-05,1.98402570576084e-05,0.000102206219876062,2,1536
"90",0.000105385930686252,3.07933210924948e-05,2.95587560247877e-05,2.49765893963737e-05,0.000102566966490024,2,1685
"91",7.87525820518706e-05,3.44273582740418e-05,3.25285747073675e-05,2.96887766812027e-05,9.8938074968059e-05,2,2227
"92",7.50229515721827e-05,3.61487261877439e-05,3.62218269451457e-05,2.26240532476475e-05,NA,2,2252
"93",5.50837732384668e-05,4.34166857929768e-05,4.34664907046133e-05,2.09103741106266e-05,NA,2,3249
"94",4.89155382143677e-05,6.5794468671104e-05,6.23053706678907e-05,NA,8.77170037993509e-05,2,3115
"95",7.36840716089052e-05,4.75289189809502e-05,4.57137938948818e-05,NA,0.000104081224271383,2,1795
"96",5.4031787927473e-05,4.48511590543952e-05,4.44810649529493e-05,3.01885471654808e-05,9.78793008859568e-05,2,2808
"97",6.91894652283681e-05,5.02065641496442e-05,4.97700252467294e-05,1.86265779205876e-05,9.38961166977474e-05,2,3141
"98",9.59662611888914e-05,3.85394767041542e-05,3.72365159513427e-05,2.6049116364471e-05,0.000101339538631272,2,1471
"99",0.000100700022951572,3.93045673628644e-05,3.91931374799174e-05,1.52723204039477e-05,7.36694048063677e-05,2,2455
"100",9.84048657333027e-05,4.89633922423686e-05,4.89714252926325e-05,1.68426669726876e-05,NA,2,2895
"101",8.22763369290796e-05,6.83557493688318e-05,6.48630938719302e-05,3.72359421620381e-05,8.54514179382578e-05,2,3348
"102",8.48252237778288e-05,5.766582510902e-05,5.65818223548313e-05,3.15445260500344e-05,0.0001002579738659,2,2034
"103",9.40058526509066e-05,4.73376176268074e-05,4.78865044755566e-05,2.87602708285518e-05,0.000103664247161893,2,2162
"104",6.20170989212761e-05,5.36492999770484e-05,5.31032820748221e-05,1.27036952031214e-05,9.61760095442571e-05,2,3267
"105",7.70312141381685e-05,5.1258549460638e-05,5.07129905898554e-05,2.59783107642874e-05,9.11895478275962e-05,2,3126
"106",0.000101943194858848,4.94414734909341e-05,4.88285517557953e-05,3.91103970621988e-05,9.72915701329315e-05,2,795
"107",5.50359192104659e-05,5.24061280697728e-05,5.11471195776911e-05,3.48285517557953e-05,NA,2,3744
"108",6.22561395455589e-05,5.88134037181547e-05,5.77399586871701e-05,1.8770599036034e-05,9.23685319688493e-05,2,3429
"109",7.64095708056002e-05,5.80483130594446e-05,5.61462015148038e-05,1.81284140463622e-05,0.000100108683287502,2,3204
"110",7.04804911636447e-05,6.82809272435162e-05,6.47684186366766e-05,2.77627955014919e-05,9.69215098130774e-05,2,3944
"111",4.67159742942392e-05,5.26930227220565e-05,5.20876750057379e-05,3.73259123249943e-05,9.43485492924324e-05,2,4189
"112",8.37253844388341e-05,3.86351847601561e-05,3.69467523525361e-05,2.51917603855864e-05,0.000102688852368205,2,1683
"113",0.000101895455588708,5.27886160201974e-05,5.16549231122332e-05,2.6477507459261e-05,7.31879915736567e-05,2,4036
"114",9.30494606380537e-05,6.67508606839569e-05,6.33191416112004e-05,2.20535919210466e-05,NA,2,4191
"115",8.9128643562084e-05,6.96198072067937e-05,6.592839109479e-05,2.12684186366766e-05,9.29783798218658e-05,2,4073
"116",8.36776451686941e-05,7.24887537296305e-05,6.81756942850585e-05,3.74684415882488e-05,9.70747177999875e-05,2,4400
"117",9.58706678907505e-05,7.1149873766353e-05,6.60020656414965e-05,3.58274041771861e-05,9.85459420292604e-05,2,3872
"118",8.04260959375717e-05,7.08629791140693e-05,6.64366536607758e-05,3.68267156300207e-05,9.86668745015046e-05,2,4058
"119",5.24538673399128e-05,5.8526509065871e-05,5.70877897635988e-05,2.7549116364471e-05,9.28302435289178e-05,2,4595
"120",5.77614184071609e-05,5.42230892816158e-05,5.32500573789305e-05,2.69767041542346e-05,7.23069579211959e-05,2,5312
"121",8.74550149185219e-05,5.18323387652054e-05,5.14349322928621e-05,1.22049575395915e-05,7.57860776489152e-05,2,3351
"122",8.3773238466835e-05,6.3021230204269e-05,6.11467753041083e-05,2.10527886160202e-05,9.26719922032451e-05,2,4401
"123",7.99957539591462e-05,7.07673858159284e-05,6.67981409226532e-05,3.93237319256369e-05,9.92110197247905e-05,2,4451
"124",8.45860683956851e-05,4.75289189809502e-05,4.64367684186367e-05,3.77548772090888e-05,0.000103643825769935,2,2633
"125",5.09716548083544e-05,5.26930227220565e-05,5.07134496212991e-05,3.38985540509525e-05,9.88631335052e-05,2,4433
"126",6.77071379389488e-05,5.49881799403259e-05,5.44086527427129e-05,2.61930227220565e-05,9.24936405018744e-05,2,4608
"127",6.2112692219417e-05,5.96740876750057e-05,5.88272894193252e-05,1.84128987835667e-05,7.55152491628324e-05,2,4714
"128",7.24887537296305e-05,6.06303649299977e-05,5.95516410374111e-05,8.56523984392931e-06,7.7652907500185e-05,2,4333
"129",6.7563690612807e-05,6.11085609364241e-05,6.02761074133578e-05,2.01973835207712e-05,9.7288988917474e-05,2,4362
"130",5.61357585494606e-05,6.11085609364241e-05,5.99863438145513e-05,1.32741565297223e-05,9.81761504254547e-05,2,4803
"131",7.26322010557723e-05,6.22561395455589e-05,6.06380537066789e-05,1.38446178563232e-05,9.96653636627767e-05,2,4182
"132",8.57815010328208e-05,6.13954555887078e-05,6.00600183612577e-05,2.17657792058756e-05,9.83605103100878e-05,2,4864
"133",9.9074248336011e-05,5.88134037181547e-05,5.67248106495295e-05,2.06248565526739e-05,9.54125649933452e-05,2,4105
"134",0.000105864126692678,5.97696809731467e-05,5.74511131512509e-05,1.54865733302731e-05,8.43936513083238e-05,2,3409
"135",9.95045903144365e-05,6.45512967638283e-05,6.15102134496213e-05,1.75555428046821e-05,7.4883726064996e-05,2,4553
"136",9.04196694973606e-05,6.62726646775304e-05,6.31755795271976e-05,1.45594445719532e-05,9.23455752929283e-05,2,3958
"137",9.61575625430342e-05,6.44557034656874e-05,6.18004360798715e-05,3.18285517557953e-05,9.58866919347351e-05,2,4123
"138",9.98393389947211e-05,6.31168235024099e-05,6.04955244434244e-05,2.31227909111774e-05,9.88019041172025e-05,2,3855
"139",9.52011705301813e-05,6.09172595822814e-05,5.86116593986688e-05,1.24182924030296e-05,9.63213521109803e-05,2,4575
"140",8.25778058296993e-05,6.15867569428506e-05,6.07117282533854e-05,1.43462244663759e-05,9.35427102992064e-05,2,4917
"141",7.19149644250631e-05,6.91416112003672e-05,6.56386274959835e-05,1.38455359192105e-05,NA,2,5805
"142",8.60205416571035e-05,6.933291255451e-05,6.592839109479e-05,1.69850814780812e-05,7.59470478663411e-05,2,4660
"143",9.29538673399128e-05,7.24887537296305e-05,6.77411062657792e-05,2.68352077117283e-05,9.23110729575383e-05,2,4274
"144",8.50164103741106e-05,7.57401882028919e-05,6.94070461326601e-05,2.37654349322929e-05,9.79222798043946e-05,2,4492
"145",7.99001606610053e-05,7.58357815010328e-05,7.06382832224007e-05,1.76994491622676e-05,9.76986369126751e-05,2,4978
"146",7.77484507688777e-05,8.12867798944228e-05,7.51305944457195e-05,2.29104888684875e-05,9.61590885011544e-05,2,4677
"147",7.50229515721827e-05,7.82266467753041e-05,7.31016754647693e-05,2.76198072067937e-05,9.33955833209027e-05,2,4679
"148",8.37253844388341e-05,7.52619921964655e-05,7.02753041083314e-05,2.64048657333027e-05,NA,2,4758
"149",9.39579986229057e-05,7.66008721597429e-05,7.06392012852881e-05,2.45510672481065e-05,NA,2,4788
"150",7.86091347257287e-05,8.41557264172596e-05,7.70130823961441e-05,1.50591002983704e-05,7.13806216370038e-05,2,4098
"151",7.30625430341978e-05,8.89373422079412e-05,8.32434014229975e-05,1.2775877897636e-05,9.53625720147365e-05,2,3982
"152",7.77005967408767e-05,8.76941703006656e-05,8.27366307092036e-05,2.37654349322929e-05,9.99438743385829e-05,2,3974
"153",3.50011475786091e-05,8.20518705531329e-05,7.38974064723434e-05,3.35422308928162e-05,9.77566963336989e-05,2,4968
"154",4.06434473261418e-05,7.1149873766353e-05,6.73781271517099e-05,2.90476245122791e-05,9.5357906263567e-05,2,5312
"155",5.23582740417719e-05,7.28712416800551e-05,6.82460408537985e-05,1.41315125086068e-05,7.46076471270105e-05,2,5342
"156",7.48795042460408e-05,7.44013082396144e-05,7.07831076428735e-05,1.59159972458113e-05,7.53434712601499e-05,2,4906
"157",6.88547165480835e-05,7.78440440670186e-05,7.13630938719302e-05,1.39885242139087e-05,9.77763216885898e-05,2,4548
"158",6.86156759238008e-05,8.11911865962818e-05,7.52754188661923e-05,2.15524443424375e-05,9.66406981001104e-05,2,4833
"159",7.13889143906358e-05,8.90329355060822e-05,8.34609823272894e-05,1.57008262565986e-05,9.71308865945661e-05,2,4401
"160",6.52206793665366e-05,9.276256598577e-05,8.69381455129676e-05,1.7200252467294e-05,9.82550063300026e-05,2,3915
"161",6.94285058526509e-05,8.66421849896718e-05,8.0708285517558e-05,1.61296763828322e-05,9.43636924345192e-05,2,4586
"162",7.51185448703236e-05,8.31994491622676e-05,7.78101904980491e-05,1.77702547624512e-05,7.48028988676824e-05,2,4966
"163",8.58293550608217e-05,7.94698186825798e-05,7.38266008721597e-05,1.8770599036034e-05,7.70112730300501e-05,2,4460
"164",5.6757287124168e-05,7.28712416800551e-05,6.90445260500344e-05,3.50413128299289e-05,9.5029567294284e-05,2,5020
"165",5.81917603855864e-05,6.933291255451e-05,6.7884553591921e-05,3.09023410603626e-05,9.7700211172296e-05,2,4891
"166",5.41274959834749e-05,7.19149644250631e-05,6.74493917833372e-05,1.9269221941703e-05,9.77214139940787e-05,2,5180
"167",7.89916226761533e-05,7.2106151021345e-05,6.83206334633923e-05,2.36941703006656e-05,9.81549848322826e-05,2,3767
"168",8.44426210695433e-05,7.44970162956163e-05,6.88986688088134e-05,1.64137020885931e-05,9.43127671958163e-05,2,4844
"169",7.69356208400275e-05,7.99480146890062e-05,7.38987835666743e-05,1.37030066559559e-05,7.42484929371794e-05,2,5119
"170",7.6505278861602e-05,8.02349093412899e-05,7.41159054395226e-05,1.17053018131742e-05,7.51102778533584e-05,2,4744
"171",8.56380537066789e-05,7.28712416800551e-05,6.83206334633923e-05,1.78419784255221e-05,9.47539345347899e-05,2,4010
"172",8.84114069313748e-05,7.81309387193023e-05,7.31748909800321e-05,1.96264631627266e-05,9.63871092388029e-05,3,4835
"173",8.11911865962818e-05,8.41557264172596e-05,7.96223318797338e-05,1.97684186366766e-05,9.79273869698725e-05,3,4507
"174",8.07129905898554e-05,8.35819371126922e-05,7.96227909111774e-05,2.74046362175809e-05,9.68853422826896e-05,3,4790
"175",6.5794468671104e-05,8.31038558641267e-05,7.53480605921506e-05,2.54791140693137e-05,9.24776831484646e-05,3,4991
"176",5.54662611888914e-05,7.97567133348634e-05,7.38252237778288e-05,2.40499196694974e-05,7.54463445451896e-05,3,5202
"177",5.89089970162956e-05,7.80353454211614e-05,7.31729400963966e-05,1.08484392930916e-05,7.32243843905947e-05,3,5305
"178",7.55488868487491e-05,7.8322240073445e-05,7.31012164333257e-05,1.23465687399587e-05,9.39415454461604e-05,3,4708
"179",7.27756483819142e-05,8.53990130823961e-05,7.94764746385127e-05,1.65576084461786e-05,9.66849792033474e-05,3,4648
"180",5.71398898324535e-05,8.35819371126922e-05,7.51305944457195e-05,3.00460179022263e-05,9.61330444436879e-05,3,5225
"181",4.98240761992197e-05,7.99480146890062e-05,7.31016754647693e-05,2.12660087215974e-05,9.33877207216074e-05,3,5515
"182",4.54728023869635e-05,8.29125545099839e-05,7.48407160890521e-05,1.17750745926096e-05,8.80908906228745e-05,3,5362
"183",5.10193940784944e-05,8.47295157218269e-05,7.65788386504476e-05,1.3204268992426e-05,NA,3,5119
"184",7.8322240073445e-05,8.22431719072757e-05,7.67242368602249e-05,2.62632545329355e-05,NA,3,4649
"185",7.32059903603397e-05,8.33907505164104e-05,7.63618315354602e-05,9.35037870094102e-06,NA,3,6043
"186",6.77549919669497e-05,8.56859077346798e-05,7.99102593527657e-05,1.44890980032132e-05,8.93955126601413e-05,3,4665
"187",8.53033050263943e-05,8.26256598577002e-05,7.8681776451687e-05,1.7200252467294e-05,9.53216623919425e-05,3,4629
"188",7.4736056919899e-05,8.60683956851044e-05,7.88238466834978e-05,1.82694514574248e-05,9.59147800927499e-05,3,4592
"189",8.69769336699564e-05,8.13824879504246e-05,7.69431948588478e-05,2.58353224695892e-05,9.51013164203728e-05,3,4040
"190",6.99067018590773e-05,8.41557264172596e-05,7.62173513885701e-05,1.9269221941703e-05,7.20032455656496e-05,3,5336
"191",6.63682579756713e-05,8.57815010328208e-05,7.91857929768189e-05,2.10547394996557e-05,7.37779486880715e-05,3,4881
"192",7.2966834978196e-05,8.75028689465228e-05,8.37507459260959e-05,3.24003901767271e-05,9.44519545403838e-05,3,4086
"193",6.41688088134037e-05,9.11369061280698e-05,8.48376176268074e-05,2.29807206793665e-05,9.69162207244827e-05,3,4258
"194",7.24887537296305e-05,8.56859077346798e-05,7.91145283451916e-05,1.67699104888685e-05,9.49884274811194e-05,3,4342
"195",5.46534312600413e-05,7.81309387193023e-05,7.28831764975901e-05,2.76184301124627e-05,9.47136082598212e-05,3,5084
"196",6.78505852650907e-05,7.61226761533165e-05,7.16514803764058e-05,2.09815239843929e-05,8.7446401779497e-05,3,5538
"197",6.71333486343815e-05,7.88004360798715e-05,7.32456965802157e-05,2.39088822584347e-05,NA,3,5923
"198",6.933291255451e-05,8.25300665595593e-05,7.68686022492541e-05,2.81194629332109e-05,7.13394774746899e-05,3,5302
"199",7.4736056919899e-05,8.56859077346798e-05,8.07809272435162e-05,2.4765205416571e-05,9.31088342135555e-05,3,4458
"200",7.46404636217581e-05,8.9128643562084e-05,8.57790911177416e-05,1.49873766352995e-05,9.57536963226487e-05,3,4541
"201",8.11433325682809e-05,8.81722515492311e-05,8.5706908423227e-05,1.30613954555887e-05,9.76978280352924e-05,3,4332
"202",7.93263713564379e-05,9.35276566444801e-05,9.48325682809272e-05,2.54786550378701e-05,9.55911145875438e-05,3,3784
"203",6.6607413357815e-05,9.73528804223089e-05,9.64994262106954e-05,1.52742712875832e-05,9.57162554120342e-05,3,3387
"204",5.73789304567363e-05,9.74485884783108e-05,9.22982556805141e-05,1.50586412669268e-05,8.02781017896986e-05,3,3285
"205",6.32124168005508e-05,9.52490245581822e-05,9.12128758319945e-05,1.94137020885931e-05,8.13425103979024e-05,3,3606
"206",8.68812256139545e-05,8.53033050263943e-05,8.27355978884554e-05,1.04209662611889e-05,9.77832606533548e-05,3,3840
"207",6.20648381914161e-05,8.85548542575166e-05,7.99838191416112e-05,2.29811797108102e-05,9.60065764504868e-05,3,4590
"208",4.62378930456736e-05,8.89373422079412e-05,7.92594675235254e-05,2.10538214367684e-05,9.61491442060688e-05,3,4656
"209",6.69420472802387e-05,8.94155382143677e-05,8.49093412898784e-05,2.04818682579757e-05,9.89165707737085e-05,3,4390
"210",6.22561395455589e-05,9.62053018131742e-05,9.01958916685793e-05,1.99837043837503e-05,9.47662418775842e-05,3,3846
"211",5.34579986229057e-05,9.22844847372045e-05,8.36053477163186e-05,1.93409456047739e-05,7.47785301505444e-05,3,4475
"212",5.51793665366078e-05,9.24756713334863e-05,8.37498278632086e-05,1.89135873307322e-05,7.41044485396622e-05,3,4302
"213",6.32124168005508e-05,8.85548542575166e-05,8.0708285517558e-05,1.79845076887767e-05,9.5147340377626e-05,3,4266
"214",5.63747991737434e-05,8.98936194629332e-05,8.114195547395e-05,2.36229056690383e-05,9.57855086757653e-05,3,4845
"215",7.54532935506082e-05,8.39645398209777e-05,7.80281156759238e-05,1.55592150562314e-05,9.97629193783322e-05,3,3574
"216",8.69290796419555e-05,8.14780812485655e-05,7.62896488409456e-05,2.26245122790911e-05,9.47203760205826e-05,3,4576
"217",7.23930456736286e-05,8.15736745467065e-05,7.5346224466376e-05,2.11953178792747e-05,9.06318248028103e-05,3,4866
"218",8.66421849896718e-05,8.22431719072757e-05,7.75939866880881e-05,2.61934817535001e-05,7.41088840971261e-05,3,4294
"219",8.6403144365389e-05,8.52077117282534e-05,8.20853798485196e-05,2.31222171218728e-05,7.54036459951932e-05,3,3785
"220",6.79461785632316e-05,8.77897635988065e-05,8.07072526968097e-05,2.20535919210466e-05,9.23156162688129e-05,3,4326
"221",6.54598347486803e-05,8.89373422079412e-05,8.30985770025247e-05,1.73423226991049e-05,9.21404380867625e-05,3,4602
"222",4.86764975900849e-05,8.79810649529493e-05,7.86071838420932e-05,2.29811797108102e-05,9.35348590206881e-05,3,4780
"223",4.8628643562084e-05,8.23387652054166e-05,7.47671563002066e-05,1.89116364470966e-05,9.53122467520077e-05,3,4792
"224",4.76245122790911e-05,8.12867798944228e-05,7.50564608675694e-05,1.44159972458113e-05,9.01685618675888e-05,3,4905
"225",8.37253844388341e-05,7.87047280238696e-05,7.41172825338536e-05,2.42660087215974e-05,7.31685060185659e-05,3,4150
"226",9.38145512967638e-05,7.76528574707367e-05,7.16534312600413e-05,2.55488868487491e-05,7.45625682689107e-05,3,3820
"227",8.17171218728483e-05,7.64095708056002e-05,7.07100068854717e-05,2.39791140693137e-05,9.42559378595442e-05,3,4338
"228",6.63682579756713e-05,8.04260959375717e-05,7.41148726187744e-05,2.71206105118201e-05,9.72466613963057e-05,3,4725
"229",6.60336240532476e-05,8.30081478081249e-05,7.65057378930457e-05,1.64869176038559e-05,9.84267464928932e-05,3,4694
"230",7.51185448703236e-05,8.16693826027083e-05,7.59993114528345e-05,2.67624512279091e-05,9.54857786207764e-05,3,3805
"231",8.29604085379849e-05,7.86091347257287e-05,7.266708744549e-05,1.5986688088134e-05,9.27347414460905e-05,3,4153
"232",7.73659628184531e-05,8.00436079871471e-05,7.44773927014e-05,1.19884094560477e-05,7.2444906610181e-05,3,5191
"233",8.83635529033739e-05,8.15736745467065e-05,7.75218039935736e-05,2.854647693367e-05,7.77497100534346e-05,3,3873
"234",5.39361946293321e-05,7.93742253844388e-05,7.32446637594675e-05,3.17592380078035e-05,9.46667936287053e-05,3,4758
"235",5.22626807436309e-05,7.35406242827634e-05,6.95509524902456e-05,1.6842207941244e-05,8.98206565317663e-05,3,5895
"236",6.94285058526509e-05,7.72702547624512e-05,7.23768648152398e-05,2.90461326600872e-05,9.35287751421499e-05,3,5130
"237",8.85548542575166e-05,7.85135414275878e-05,7.41168235024099e-05,2.41947440899702e-05,0.000100664221868481,3,3542
"238",8.7359421620381e-05,8.03305026394308e-05,7.5709547854028e-05,9.63535689694744e-06,9.58490350860649e-05,3,4661
"239",9.75441817764517e-05,7.80353454211614e-05,7.2935047050723e-05,4.31050034427358e-05,9.14975231857194e-05,3,1115
"240",6.44669497360569e-05,8.1140578379619e-05,7.43583887996328e-05,3.49620151480376e-05,7.7290769729217e-05,3,4334
"241",6.36427587789764e-05,7.30625430341978e-05,6.9767959605233e-05,1.83411751204958e-05,9.67046713135758e-05,3,4634
"242",6.29255221482672e-05,7.33494376864815e-05,6.82469589166858e-05,1.43456506770714e-05,9.76676721725154e-05,3,5204
"243",6.86156759238008e-05,7.53577002524673e-05,7.01309387193023e-05,9.56315125086068e-06,9.91482507299081e-05,3,5058
"244",7.33494376864815e-05,7.51663988983245e-05,7.05670185907735e-05,1.62722056460868e-05,9.71908217941668e-05,3,5115
"245",8.34384897865504e-05,7.38275189350471e-05,6.94064723433555e-05,1.60579527197613e-05,9.35153967079958e-05,3,4727
"246",8.22431719072757e-05,7.67921735138857e-05,7.26661693826027e-05,2.12675005737893e-05,NA,3,4484
"247",8.51598577002525e-05,8.13824879504246e-05,7.63632086297912e-05,2.36937112692219e-05,NA,3,4940
"248",9.07065641496443e-05,7.72702547624512e-05,7.17977966490705e-05,2.4408537984852e-05,7.24299838352714e-05,3,3351
"249",0.000101785288042231,6.19692448932752e-05,5.91232499426211e-05,3.94701629561625e-05,0.000106119261789359,3,2710
"250",0.00010524248336011,6.87591232499426e-05,6.24545558870783e-05,1.11338994721138e-05,0.00010797357855486,3,1996
"251",0.000107822469589167,7.27464998852421e-05,6.3732040394767e-05,2.211934817535e-05,0.000105225856179617,3,1842
"252",0.000103043034197843,7.45926095937572e-05,6.64386045444113e-05,1.42734679825568e-05,0.000101255031342107,3,3544
"253",8.649873766353e-05,7.57401882028919e-05,6.97684186366766e-05,1.76277254991967e-05,7.71851281541504e-05,3,5345
"254",8.19084232269911e-05,7.49750975441818e-05,6.9913816846454e-05,1.32033509295387e-05,7.76196153978759e-05,3,5046
"255",7.9432407619922e-05,7.39439981638742e-05,6.90991507918292e-05,1.02034656873996e-05,9.79569010088903e-05,3,4713
"256",8.17649759008492e-05,7.46882028918981e-05,6.926256598577e-05,1.62731237089741e-05,9.78682408210215e-05,3,4763
"257",7.99957539591462e-05,7.72702547624512e-05,7.1941703006656e-05,1.9198990130824e-05,9.92409672852559e-05,3,4785
"258",8.13824879504246e-05,6.62726646775304e-05,6.35380996098233e-05,3.11161349552444e-05,0.000101334421593722,3,3659
"259",6.77549919669497e-05,5.38406013311912e-05,5.29578838650448e-05,1.88412898783567e-05,9.68691355357842e-05,3,4760
"260",8.24343585035575e-05,5.64226532017443e-05,5.49130135414276e-05,2.17666972687629e-05,7.82775300445035e-05,3,4511
"261",7.97567133348634e-05,5.82396144135873e-05,5.62929768189121e-05,2.04823272894193e-05,7.84295067216316e-05,3,4274
"262",7.91829240302961e-05,6.3021230204269e-05,6.07843699793436e-05,1.74135873307322e-05,9.72875630744751e-05,3,4539
"263",0.000101130364929998,6.44557034656874e-05,6.10760844617856e-05,1.54870323617168e-05,0.000100952877919762,3,3641
"264",0.000103282074822125,6.82809272435162e-05,6.31779894422768e-05,1.10631397750746e-05,0.000100544973268169,3,4352
"265",0.000103521115446408,7.2106151021345e-05,6.36863667661235e-05,1.47033509295387e-05,0.000101475147085114,3,4795
"266",0.000111602019738352,6.99067018590773e-05,5.99179481294469e-05,8.99319485884783e-06,0.000102395636230518,4,2395
"267",9.89786550378701e-05,6.96198072067937e-05,6.47707137938949e-05,8.99509983933899e-06,7.71753492073455e-05,4,5423
"268",9.69703924718843e-05,7.27756483819142e-05,6.57145971999082e-05,5.78140922653202e-06,7.93913664523146e-05,4,5010
"269",9.73528804223089e-05,7.44970162956163e-05,6.75971999081937e-05,1.27036952031214e-05,9.78044317850028e-05,4,4630
"270",0.000101608560936424,7.30625430341978e-05,6.59312600413128e-05,1.3561051182006e-05,0.000101471574589267,4,4120
"271",9.74007344503099e-05,7.28712416800551e-05,6.60039017672711e-05,1.70563461097085e-05,0.000100659121922311,4,3907
"272",8.02349093412899e-05,7.07673858159284e-05,6.5929768189121e-05,1.98396832683039e-05,9.92718342185981e-05,4,4839
"273",7.43057149414735e-05,6.47425981179711e-05,6.25234106036263e-05,2.36946293321092e-05,9.64477831437336e-05,4,5202
"274",8.649873766353e-05,4.70507229745238e-05,4.7379274730319e-05,3.35432637135644e-05,9.20803091479448e-05,4,2429
"275",9.08500114757861e-05,4.09303419784255e-05,3.96278402570576e-05,2.54777369749828e-05,9.05320753333838e-05,4,2918
"276",8.73115675923801e-05,4.4086183153546e-05,4.49903603396833e-05,9.5645857241221e-06,0.000104149991417269,4,3570
"277",8.14780812485655e-05,5.55619692448933e-05,5.42641725958228e-05,2.3623364700482e-05,0.000102241631020307,4,4456
"278",7.43535689694744e-05,6.17779435391324e-05,6.04932292862061e-05,2.0340830846913e-05,0.000101465352780312,4,4826
"279",7.12454670644939e-05,5.6709547854028e-05,5.51325453293551e-05,1.54870323617168e-05,9.93685066377729e-05,4,4765
"280",7.85135414275878e-05,5.86221023640119e-05,5.78843240761992e-05,2.5696235942162e-06,9.29112791668556e-05,4,4985
"281",8.04739499655726e-05,5.98653890291485e-05,5.88985540509525e-05,5.21048886848749e-06,NA,4,5409
"282",8.34863438145513e-05,6.20648381914161e-05,6.01311682350241e-05,7.28138627495984e-06,NA,4,5511
"283",8.42035804452605e-05,6.55075740188203e-05,6.23049116364471e-05,4.85473949965573e-06,8.08037078114602e-05,4,5117
"284",9.28104200137709e-05,6.50294927702548e-05,6.26688088134037e-05,1.64151939407849e-05,9.79830431994059e-05,4,4563
"285",0.000103999311452835,6.23517328436998e-05,5.94120954785403e-05,2.84771631856782e-05,0.000104450553041691,4,2416
"286",0.000102899586871701,6.76115446408079e-05,6.33238466834978e-05,1.62711728253385e-05,0.000103333288422945,4,2913
"287",8.21953178792747e-05,6.32124168005508e-05,6.07843699793436e-05,2.5692334174891e-05,9.80984458686792e-05,4,3644
"288",5.54662611888914e-05,5.81440211154464e-05,5.72326141840716e-05,2.96170530181317e-05,7.29857355780912e-05,4,5217
"289",5.5848863897177e-05,5.87178104200138e-05,5.77408767500574e-05,3.23292403029608e-05,7.49648157088009e-05,4,5041
"290",6.65117053018132e-05,6.12998622905669e-05,5.86097085150333e-05,2.01261188891439e-05,9.68536257206266e-05,4,4570
"291",8.05218039935736e-05,6.11085609364241e-05,5.99863438145513e-05,1.26333486343815e-05,9.93617452011975e-05,4,4748
"292",0.000102733187973376,6.21688088134037e-05,5.89680973146661e-05,2.79250631168235e-05,0.000102732903540526,4,2424
"293",7.30146890061969e-05,5.46055772320404e-05,5.35374110626578e-05,NA,0.000101873247685762,4,4195
"294",6.58901767271058e-05,4.90589855405095e-05,4.86109708515033e-05,2.54069313747992e-05,9.6733624394535e-05,4,4304
"295",7.22018590773468e-05,4.84851962359422e-05,4.88285517557953e-05,1.06342322699105e-05,7.48270267655396e-05,4,4308
"296",8.50642644021115e-05,4.83896029378012e-05,4.84660316731696e-05,1.14198416341519e-05,7.23490554309544e-05,4,4381
"297",8.86025935276566e-05,5.3171103970622e-05,5.24520312141382e-05,1.36323158136332e-05,9.55995746038195e-05,4,4187
"298",7.14846224466376e-05,5.41274959834749e-05,5.31759238007804e-05,1.91253155841175e-05,9.7741280300103e-05,4,4687
"299",8.26735138857012e-05,5.55619692448933e-05,5.42627955014919e-05,1.70578379619004e-05,0.000102851806519779,4,3894
"300",9.32886160201974e-05,5.39361946293321e-05,5.2449621299059e-05,2.26948588478311e-05,0.000104399874219515,4,2659
"301",6.72289419325224e-05,3.79656873995869e-05,3.6586183153546e-05,2.63345191645628e-05,0.000100792132443618,4,3747
"302",0.00010127381225614,2.91676612347946e-05,2.61548083543723e-05,4.03225843470278e-05,0.000104325328103157,4,627
"303",7.15802157447785e-05,3.66269221941703e-05,3.68750286894652e-05,2.02681891209548e-05,8.4268306152613e-05,4,3331
"304",8.07129905898554e-05,3.90176727105807e-05,4.08610282304338e-05,1.22044985081478e-05,0.000103435335524899,4,3669
"305",7.84656873995869e-05,4.599873766353e-05,4.5568969474409e-05,1.55578379619004e-05,0.00010319180315179,4,4068
"306",8.24822125315584e-05,4.33210924948359e-05,4.47708285517558e-05,9.42066789075052e-06,0.000104614428391259,4,4186
"307",8.05695432637136e-05,4.6859421620381e-05,4.65826256598577e-05,1.57008262565986e-05,0.00010557492186705,4,3974
"308",7.14367684186367e-05,4.62856323158136e-05,4.62924030296075e-05,3.11887766812027e-05,0.000101427115824661,4,4046
"309",5.95784943768648e-05,3.74876061510213e-05,3.71647922882717e-05,2.1696350700023e-05,8.09677215309014e-05,4,3926
"310",8.42991737434014e-05,3.99739499655726e-05,4.15834289648841e-05,1.0563943080101e-05,8.48182929250851e-05,4,3649
"311",8.70725269680973e-05,4.53293550608217e-05,4.60030984622447e-05,6.56701859077347e-06,0.000104149513423826,4,4035
"312",8.2816961211843e-05,4.6859421620381e-05,4.73084691301354e-05,7.92259582281386e-06,0.000104496515918594,4,4205
"313",8.70246729400964e-05,4.5903144365389e-05,4.69450309846225e-05,7.13745696580216e-06,0.000106239694065429,4,4109
"314",9.33363552903374e-05,4.36079871471196e-05,4.28874225384439e-05,2.16969244893275e-05,0.000107323836510622,4,2933
"315",5.12106954326371e-05,3.72007114987377e-05,3.52096626118889e-05,3.6111429882947e-05,9.97657413167006e-05,4,3368
"316",6.34515721826945e-05,4.09303419784255e-05,4.10766582510902e-05,2.43357815010328e-05,7.87813984928486e-05,4,4067
"317",5.25973146660546e-05,5.05890521000689e-05,4.94089970162956e-05,3.23296993344044e-05,8.37605802147568e-05,4,3717
"318",6.73723892586642e-05,6.08216662841405e-05,6.02033509295387e-05,3.5184301124627e-05,9.95369676358274e-05,4,4486
"319",7.90394767041542e-05,6.08216662841405e-05,5.82486802845995e-05,2.29094560477393e-05,0.000102475076753723,4,4195
"320",0.000106724810649529,5.24061280697728e-05,5.18691760385586e-05,1.57022033509295e-05,0.000105599968875799,4,1817
"321",6.60813633233877e-05,3.92089740647234e-05,3.70921505623135e-05,3.50426899242598e-05,0.00010953305165472,4,3053
"322",4.70507229745238e-05,3.1462818453064e-05,3.12968785861832e-05,1.93404865733303e-05,0.000106469041360465,4,3392
"323",5.7617971081019e-05,3.7774500803305e-05,3.72369749827863e-05,2.57626807436309e-05,8.52146824145906e-05,4,3663
"324",7.85612806977278e-05,5.3171103970622e-05,5.24509983933899e-05,2.13392242368602e-05,8.91003505331024e-05,4,3520
"325",0.00010442965343126,5.1354142758779e-05,5.10743630938719e-05,1.58427817305485e-05,0.000105627036536994,4,2765
"326",0.000110454441129217,4.78158136332339e-05,4.83929309157677e-05,1.36323158136332e-05,0.000109830485429322,4,1607
"327",8.69769336699564e-05,5.05890521000689e-05,4.94075051641037e-05,3.85385586412669e-05,0.000109748944147179,4,2566
"328",6.3021230204269e-05,4.28428964884095e-05,4.2743975212302e-05,1.91994491622676e-05,7.17716387652822e-05,4,1495
"329",7.3875372963048e-05,4.30341978425522e-05,4.36849896717925e-05,1.13490704613266e-05,NA,4,2792
"330",7.82266467753041e-05,4.31297911406931e-05,4.41917603855864e-05,7.85182464998853e-06,NA,4,3068
"331",8.0139201285288e-05,5.26930227220565e-05,5.23066330043608e-05,2.39791140693137e-05,8.44895876018761e-05,4,3071
"332",8.52700252467294e-05,5.77780582969933e-05,5.6245352306633e-05,1.63096167087446e-05,0.000107249782607005,4,3867
"333",9.53446178563232e-05,5.25973146660546e-05,5.17988294698187e-05,2.961808583888e-05,0.000110977231315774,4,2914
"334",7.03847831076429e-05,3.72963047968786e-05,3.57150562313518e-05,3.11175120495754e-05,0.000108786513597742,4,3613
"335",6.02000229515722e-05,3.58618315354602e-05,3.50647234335552e-05,2.52648611429883e-05,0.000109153908488935,4,3727
"336",7.18192563690613e-05,3.60531328896029e-05,3.8034542116135e-05,1.1562313518476e-05,0.000106951996262505,4,3940
"337",7.03370438375029e-05,3.43317649759008e-05,3.56442506311682e-05,1.09918866192334e-05,9.23397508401711e-05,4,3614
"338",8.90329355060822e-05,3.79656873995869e-05,4.00619692448933e-05,9.6348749139316e-06,9.38808210801464e-05,4,3485
"339",9.49142758778976e-05,4.42773697498279e-05,4.52059903603397e-05,7.13889143906358e-06,0.000107741702006929,4,3811
"340",0.000108972113839798,5.30755106724811e-05,5.23754877209089e-05,2.66907275648382e-05,0.000109183654870644,4,2594
"341",0.000111362979114069,4.70507229745238e-05,4.59313747991737e-05,3.05456736286436e-05,0.000106619005529538,4,705
"342",6.65595593298141e-05,3.05064264402112e-05,2.94856552673858e-05,2.75485425751664e-05,0.000109576139318945,4,3322
"343",7.98523066330044e-05,3.3375372963048e-05,3.64404406701859e-05,9.49239155382144e-06,0.000106483882543744,4,3620
"344",5.82396144135873e-05,3.1558411751205e-05,3.05728712416801e-05,2.6763943080101e-05,9.66987868763054e-05,4,3190
"345",5.62313518476016e-05,2.53423226991049e-05,2.90514115216892e-05,7.63618315354602e-06,9.8985453489346e-05,4,2743
"346",7.69833601101675e-05,2.73505852650907e-05,3.10071149873766e-05,7.28138627495984e-06,0.000109800043961622,4,3310
"347",6.77071379389488e-05,3.2419095708056e-05,3.45579527197613e-05,1.61292173513886e-05,0.000109708905920118,4,3523
"348",7.61705301813174e-05,3.64356208400275e-05,3.88296993344044e-05,6.99544411292174e-06,0.000109296123148072,4,3740
"349",7.27756483819142e-05,4.84851962359422e-05,4.73074363093872e-05,3.0759926554969e-05,0.000109157652548593,4,3709
"350",5.74267844847372e-05,4.30341978425522e-05,4.12927473031903e-05,2.99030296075281e-05,0.000109047237697762,4,3577
"351",6.43599954096856e-05,2.96457424833601e-05,2.86172825338536e-05,2.79053247647464e-05,0.000103235987327783,4,2739
"352",6.72767959605233e-05,2.73505852650907e-05,2.81821207252697e-05,1.94834748680285e-05,0.000104372534133973,4,2431
"353",7.31581363323388e-05,3.17497131053477e-05,3.22392701400046e-05,1.98411751204958e-05,0.000105989996136069,4,3403
"354",6.83287812715171e-05,4.42773697498279e-05,4.54962129905899e-05,7.06573330273124e-06,0.000108147808124857,4,3750
"355",9.85004590314437e-05,4.91545788386505e-05,4.91183153546018e-05,2.54073904062428e-05,0.000110141661245149,1,2660
"356",8.69290796419555e-05,4.85807895340831e-05,4.89007344503099e-05,5.42517787468442e-06,0.000106266976158793,1,3068
"357",7.87525820518706e-05,4.28428964884095e-05,4.33225843470278e-05,3.14718843240762e-05,0.000106289987971464,1,2209
"358",6.22561395455589e-05,3.47142529263255e-05,3.43403718154694e-05,2.18388799632775e-05,9.71639257585881e-05,1,1011
"359",7.81849896717925e-05,3.15335092953867e-05,3.21277254991967e-05,1.77979114069314e-05,NA,1,754
"360",5.81773008951113e-05,3.69220794124397e-05,3.62101216433326e-05,2.74804911636447e-05,7.72894628931284e-05,1,1317
"361",8.75028689465228e-05,3.72963047968786e-05,3.75984622446638e-05,2.16261188891439e-05,0.000104585692519249,1,1162
"362",5.78279779664907e-05,3.43275189350471e-05,3.21292173513886e-05,3.37343355519853e-05,0.000102045760768844,1,2302
"363",6.58901767271058e-05,2.84981638742254e-05,3.02836814321781e-05,1.37034656873996e-05,0.000102727940702155,1,2423
"364",7.30625430341978e-05,3.57662382373193e-05,3.6586183153546e-05,1.54162267615332e-05,9.59695615775223e-05,1,2999
"365",7.06716777599266e-05,4.70507229745238e-05,4.75236401193482e-05,2.52644021115446e-05,8.40480108098672e-05,1,2485
"366",7.94698186825798e-05,4.24604085379849e-05,4.31054624741795e-05,2.20526738581593e-05,8.04405581294089e-05,1,2294
"367",4.37576313977507e-05,3.13338306173973e-05,2.89538673399128e-05,3.78316502180399e-05,0.000100405775796667,1,1951
"368",5.06369061280698e-05,1.72136791370209e-05,1.44910488868487e-05,4.19636217580904e-05,0.000110190128524698,1,2236
"369",4.75766582510902e-05,1.23364700481983e-05,1.36948588478311e-05,2.11957769107184e-05,0.000110153977135272,1,2368
"370",6.01522836814322e-05,3.05064264402112e-05,3.19499655726417e-05,1.49170300665596e-05,0.000109847683490524,1,3272
"371",6.22082855175579e-05,3.83482901078724e-05,3.90483130594446e-05,1.92687629102594e-05,0.000106160822528788,1,4098
"372",6.10129676382832e-05,4.51380537066789e-05,4.48449621299059e-05,2.00548542575166e-05,8.75977389985388e-05,1,4521
"373",5.33624053247647e-05,3.8730778058297e-05,3.90472802386964e-05,2.19809501950884e-05,9.4687799982912e-05,1,3425
"374",8.05218039935736e-05,2.57249254073904e-05,2.84001606610053e-05,1.13495524443424e-05,0.000109638192034336,1,2376
"375",7.41934817535001e-05,3.54252926325453e-05,3.65877897635988e-05,2.15230663300436e-05,0.000109240042698345,1,3598
"376",9.7257287124168e-05,3.1462818453064e-05,3.24559329814092e-05,1.50586412669268e-05,0.000109908194765544,1,2177
"377",9.21410374110627e-05,4.38948817994033e-05,4.38303878815699e-05,2.07673858159284e-05,0.000107223112418055,1,4097
"378",5.82396144135873e-05,3.1462818453064e-05,2.86162497131053e-05,4.33908652742713e-05,0.000108545083129109,1,3214
"379",5.25017213679137e-05,2.06564149644251e-05,2.1010672481065e-05,2.14807206793665e-05,9.94291935712398e-05,1,2493
"380",4.81027082855176e-05,1.91263484048657e-05,1.854773927014e-05,2.88338306173973e-05,0.000100655207300566,1,2311
"381",5.99609823272894e-05,2.18039935735598e-05,2.18800780353454e-05,2.65501491852192e-05,0.000103921283098754,1,2298
"382",8.21766123479458e-05,4.28096167087446e-05,4.1803764057838e-05,4.00654119807207e-05,0.000109792188567302,1,2935
"383",5.08759467523525e-05,3.48098462244664e-05,3.1587560247877e-05,NA,0.000111052704859098,1,3376
"384",5.70920358044526e-05,2.18039935735598e-05,2.18083543722745e-05,2.52648611429883e-05,0.000110226110634386,1,3292
"385",5.16410374110627e-05,2.49598347486803e-05,2.53566674317191e-05,2.32671563002066e-05,0.000110585507449973,1,3163
"386",9.53924718843241e-05,1.98913243057149e-05,2.00682809272435e-05,2.55499196694974e-05,0.000108847963387567,1,1301
"387",9.13759467523525e-05,1.86481523984393e-05,1.86194629332109e-05,2.29100298370438e-05,0.000103380753812289,1,1977
"388",0.000104573100757402,2.50554280468212e-05,2.78928161579068e-05,1.27046132660087e-05,0.00010791580094947,1,2432
"389",9.59184071608905e-05,3.93045673628644e-05,4.00628873077806e-05,1.42032361716778e-05,0.000103147190035156,1,4339
"390",7.3875372963048e-05,3.37579756713335e-05,3.38330273123709e-05,1.84841634151939e-05,0.000102207059731601,1,4270
"391",8.8315698875373e-05,3.92089740647234e-05,4.08595363782419e-05,8.42274500803305e-06,0.000107886469977795,1,4075
"392",8.50642644021115e-05,4.87720908882258e-05,4.7668464539821e-05,3.93237319256369e-05,0.000105825608429177,1,3456
"393",6.23517328436998e-05,3.62443194858848e-05,3.74545558870783e-05,2.41942850585265e-05,9.26506418709816e-05,1,4023
"394",3.57183842093183e-05,3.2419095708056e-05,3.12968785861832e-05,2.75476245122791e-05,9.5012290025493e-05,1,3243
"395",4.599873766353e-05,3.08890291484967e-05,3.01382832224007e-05,2.47638283222401e-05,0.000110767935285686,1,3624
"396",4.78158136332339e-05,4.47555657562543e-05,4.37591232499426e-05,3.00455588707827e-05,0.000106511787075379,1,4509
"397",5.82874684415882e-05,5.38406013311912e-05,5.35389029148497e-05,2.16969244893275e-05,0.00010713908176569,1,4579
"398",7.72225154923112e-05,4.58075510672481e-05,4.57850585265091e-05,2.14811797108102e-05,0.000108960468312154,1,3761
"399",6.04391783337159e-05,3.59574248336011e-05,3.54998852421391e-05,2.04838191416112e-05,0.000106187652076282,1,4151
"400",8.94632774845077e-05,3.03152398439293e-05,3.12973376176268e-05,1.39885242139087e-05,9.91974729930017e-05,1,2832
"401",7.89438834060133e-05,3.05064264402112e-05,3.03558641266927e-05,2.01969244893275e-05,0.000102374759532243,1,2947
"402",7.13993573559789e-05,3.24316043148956e-05,3.4017213679137e-05,1.76497590084921e-05,0.000108510472079388,1,3784
"403",5.69485884783108e-05,4.06434473261418e-05,4.14395226072986e-05,1.69128987835667e-05,0.000109538017639923,1,4375
"404",8.29604085379849e-05,2.94545558870783e-05,3.05739040624283e-05,1.53455359192105e-05,0.000110293690021407,1,2802
"405",6.45034427358274e-05,3.04108331420702e-05,3.00651824649989e-05,2.22672710580675e-05,0.000109873910174857,1,3830
"406",6.19692448932752e-05,3.22277943539132e-05,3.36880881340372e-05,1.34185219187514e-05,0.000107958060749714,1,3831
"407",8.39166857929768e-05,2.57249254073904e-05,2.41986458572412e-05,3.32563690612807e-05,0.000104599488716429,1,2169
"408",5.33145512967638e-05,1.46316272664678e-05,1.16660546247418e-05,NA,0.000109278904833235,1,1529
"409",4.71941703006656e-05,2.55336240532476e-05,2.61548083543723e-05,1.91970392471884e-05,0.000111605540946825,1,3422
"410",5.83830617397292e-05,3.66269221941703e-05,3.83229286206105e-05,1.62014000459031e-05,0.00011080775606306,1,3922
"411",6.09651136102823e-05,3.99739499655726e-05,4.03521918751434e-05,2.08400275418866e-05,0.000110876628390374,1,4169
"412",8.6403144365389e-05,3.63400275418866e-05,3.78886848749139e-05,1.04917374340142e-05,0.000111931876984156,1,3005
"413",7.28233876520542e-05,3.94001606610053e-05,4.03521918751434e-05,2.36224466375947e-05,0.000105116432541108,1,4154
"414",6.13476015607069e-05,3.97827633692908e-05,4.0787812715171e-05,2.19106036263484e-05,7.66204059781245e-05,1,4318
"415",5.91958916685793e-05,3.21322010557723e-05,3.05012623364701e-05,2.90465916915309e-05,8.83836109898854e-05,1,2689
"416",5.82770254762451e-05,3.21322010557723e-05,3.13737663529952e-05,2.6289075051641e-05,9.6346724391081e-05,1,3129
"417",6.82061051182006e-05,3.30302960752812e-05,3.38665366077576e-05,2.36076428735368e-05,0.000109805377109158,1,3777
"418",6.51729400963966e-05,4.54249483589626e-05,4.50616249713105e-05,2.69073904062428e-05,0.000105284867575968,1,4773
"419",6.36427587789764e-05,5.21192334174891e-05,5.10036722515492e-05,2.19087675005738e-05,0.000103059904328852,1,5062
"420",8.4633922423686e-05,4.67638283222401e-05,4.71621528574707e-05,2.72626807436309e-05,0.000106661952171082,1,3487
"421",4.54249483589626e-05,3.3375372963048e-05,2.93407160890521e-05,NA,0.000101442252601038,1,2732
"422",4.70507229745238e-05,3.20366077576314e-05,3.0790452145972e-05,2.35516410374111e-05,9.73190003733609e-05,1,3389
"423",5.63269451457425e-05,4.20779205875602e-05,4.10780353454212e-05,3.07588937342208e-05,0.000108040198069625,1,4322
"424",4.54249483589626e-05,4.12172366307092e-05,4.05697727794354e-05,2.21961211843011e-05,0.000108734585609969,1,4363
"425",9.23551755795272e-05,3.95166398898325e-05,3.99896717925178e-05,2.05550837732385e-05,0.000110690652102472,1,1834
"426",7.06239384897866e-05,5.57531558411751e-05,5.45525591002984e-05,2.60485425751664e-05,0.000107283651535341,1,4990
"427",7.54054395226073e-05,4.054773927014e-05,4.12946981868258e-05,1.66288730778058e-05,0.000105919278012811,1,3194
"428",7.12933210924948e-05,4.75289189809502e-05,4.74514574248336e-05,1.84850814780813e-05,8.77759339500491e-05,1,4066
"429",4.62856323158136e-05,3.73918980950195e-05,3.47740417718614e-05,3.83946522836814e-05,9.0954740478601e-05,1,3423
"430",5.80961670874455e-05,2.7924374569658e-05,2.76762680743631e-05,2.62632545329355e-05,0.000107768408238575,1,3333
"431",5.24061280697728e-05,2.96457424833601e-05,2.92680743630939e-05,2.30519853109938e-05,0.000108346969290147,1,3956
"432",5.89089970162956e-05,4.63813403718155e-05,4.41932522377783e-05,3.96808583887996e-05,0.000104673362151345,1,4916
"433",6.51250860683957e-05,6.05347716318568e-05,6.02024328666514e-05,NA,0.00010439511093132,1,5382
"434",4.67159742942392e-05,4.71463162726647e-05,4.55683956851044e-05,NA,0.000103530729412417,1,4569
"435",4.02131053477163e-05,3.29928850126234e-05,3.18759467523525e-05,2.59065871012164e-05,8.77822394068574e-05,1,4118
"436",5.47345650677071e-05,4.15123938489786e-05,4.12749598347487e-05,2.55436079871471e-05,7.60145228164379e-05,1,4911
"437",5.61357585494606e-05,5.35537066789075e-05,5.27417948129447e-05,2.38366995639201e-05,9.66062777791785e-05,1,5298
"438",7.08629791140693e-05,6.4838191416112e-05,6.23053706678907e-05,2.71918751434473e-05,9.98022443552263e-05,1,5847
"439",5.81917603855864e-05,6.5698875372963e-05,6.29581133807666e-05,1.3204268992426e-05,9.66315004364871e-05,1,6312
"440",6.65117053018132e-05,6.3977507459261e-05,6.1145857241221e-05,1.7200252467294e-05,9.61319484105591e-05,1,6192
"441",9.66356437915997e-05,5.00152627955015e-05,5.00607069084232e-05,1.29896717925178e-05,0.000100393469003792,1,4378
"442",8.67377782878127e-05,5.90047050722975e-05,5.79579986229057e-05,1.27041542345651e-05,NA,1,7836
"443",9.29538673399128e-05,5.42230892816158e-05,5.32476474638513e-05,1.45608216662841e-05,7.17723553065422e-05,1,5892
"444",8.36297911406931e-05,6.25430341978426e-05,6.11453982097774e-05,1.86271517098921e-05,9.64428569451595e-05,1,6153
"445",9.271482671563e-05,6.43599954096856e-05,6.18008951113151e-05,1.39168005508377e-05,9.4962930366934e-05,1,6093
"446",9.42448932751894e-05,6.10129676382832e-05,5.89003901767271e-05,1.02775189350471e-05,9.40903938276112e-05,2,6230
"447",9.53924718843241e-05,6.35950195088363e-05,6.10014918521919e-05,1.34911636447097e-05,9.24776998803519e-05,2,6871
"448",7.96611200367225e-05,6.90460179022263e-05,6.54196694973606e-05,1.33463392242369e-05,8.08739624925967e-05,2,8362
"449",0.000101608560936424,5.766582510902e-05,5.58564379159972e-05,2.2123364700482e-05,7.96022054201104e-05,2,3372
"450",0.000101082510901997,5.02065641496442e-05,5.02051870553133e-05,2.53356667431719e-05,7.95679003611427e-05,2,4996
"451",5.48447326141841e-05,5.11628414046362e-05,5.03500114757861e-05,NA,9.83432334528373e-05,2,5558
"452",3.3279779664907e-05,3.71050034427358e-05,3.62237778287813e-05,2.14817535001148e-05,0.000102814226231965,2,5102
"453",5.52272205646087e-05,5.55619692448933e-05,5.40452145971999e-05,3.34715400504935e-05,0.000101183484245224,2,5698
"454",5.0397865503787e-05,5.6709547854028e-05,5.53481753500115e-05,3.66823502409915e-05,9.91524384445608e-05,2,6133
"455",6.6655152627955e-05,4.24604085379849e-05,4.31054624741795e-05,1.58442735827404e-05,9.80245292983188e-05,2,5459
"456",8.47295157218269e-05,4.86764975900849e-05,4.83943080100987e-05,2.87602708285518e-05,7.24069646886289e-05,2,6235
"457",7.76050034427358e-05,4.88676841863668e-05,4.78869635070002e-05,1.97689924259812e-05,NA,2,6041
"458",5.78778976359881e-05,4.97949277025476e-05,4.90604773927014e-05,3.58204039476704e-05,9.14041722370112e-05,2,5936
"459",4.55206564149644e-05,5.35537066789075e-05,5.29588019279321e-05,1.14910488868487e-05,9.19147427044707e-05,2,6772
"460",5.38883406013312e-05,6.21605462474179e-05,6.12175809042919e-05,2.07683038788157e-05,9.58930664997911e-05,2,6436
"461",4.29386045444113e-05,4.99196694973606e-05,4.94793435850356e-05,2.51926784484737e-05,9.35728879834959e-05,2,6457
"462",4.3273238466835e-05,4.62856323158136e-05,4.48435850355749e-05,3.44718843240762e-05,8.26576357322582e-05,2,6460
"463",2.91676612347946e-05,5.02065641496442e-05,4.89016525131972e-05,3.15436079871471e-05,NA,2,6857
"464",3.16540050493459e-05,5.73789304567363e-05,5.65096396603167e-05,2.66922194170301e-05,NA,2,5169
"465",3.64356208400275e-05,5.61357585494606e-05,5.46979573100757e-05,4.11058067477622e-05,9.61623615174667e-05,2,5585
"466",4.99196694973606e-05,5.1258549460638e-05,5.00611659398669e-05,2.86177415652972e-05,9.88763657988842e-05,2,5918
"467",5.38862749598348e-05,4.00156070690842e-05,3.87048427817306e-05,3.38850126233647e-05,0.000103381207486839,2,4862
"468",5.35058526509066e-05,4.56162497131053e-05,4.44806059215056e-05,3.33290107872389e-05,0.000100691589553585,2,5409
"469",4.6859421620381e-05,5.07803534542116e-05,4.95533624053248e-05,1.78415193940785e-05,9.23013367084604e-05,2,6398
"470",5.77136791370209e-05,5.68051411521689e-05,5.6001377094331e-05,2.19092265320174e-05,7.17621207991085e-05,2,7460
"471",5.82874684415882e-05,6.96198072067937e-05,6.58566674317191e-05,2.58353224695892e-05,NA,2,7132
"472",6.44557034656874e-05,7.62183842093183e-05,7.05674776222171e-05,3.26863667661235e-05,9.31754563021162e-05,2,6370
"473",4.48034197842552e-05,6.98109938030755e-05,6.86810879045215e-05,3.14010787238926e-05,9.77954450648065e-05,2,6691
"474",6.53163874225384e-05,5.3171103970622e-05,5.24487032361717e-05,1.9269221941703e-05,0.000105639249112013,2,4367
"475",7.0289189809502e-05,5.71876291025935e-05,5.6580904291944e-05,7.56589396373652e-06,9.99695668795354e-05,2,6565
"476",7.97088593068625e-05,6.04391783337159e-05,5.91892357126463e-05,1.7198875372963e-05,9.36638233793089e-05,2,7290
"477",7.8370094101446e-05,6.54119807206794e-05,6.23044526050034e-05,3.25438375028689e-05,7.07361633619729e-05,2,6624
"478",9.58706678907505e-05,4.55206564149644e-05,4.46986458572412e-05,3.95393619462933e-05,0.000101348957982979,2,1027
"479",8.79810649529493e-05,3.6913816846454e-05,3.45564608675694e-05,3.48285517557953e-05,0.000107795265120651,2,3214
"480",5.21192334174891e-05,4.74332109249484e-05,4.65094101445949e-05,2.86186596281845e-05,0.000104204945601351,2,5633
"481",4.91068395685104e-05,5.47012852880422e-05,5.39725728712417e-05,1.36323158136332e-05,0.0001026264214528,2,6196
"482",8.68334863438145e-05,5.71876291025935e-05,5.54949506541198e-05,2.02691071838421e-05,0.000103912261244969,2,5026
"483",4.599873766353e-05,5.25017213679137e-05,5.19436538902915e-05,3.98936194629332e-05,9.60887656196716e-05,2,6233
"484",5.61834978196006e-05,4.3225499196695e-05,4.33215515262795e-05,1.49156529722286e-05,8.43007983013661e-05,2,4220
"485",6.73723892586642e-05,5.25973146660546e-05,5.16549231122332e-05,1.34161120036723e-05,7.41811997497463e-05,2,6304
"486",6.54119807206794e-05,5.32668120266238e-05,5.25242139086527e-05,1.96968097314666e-05,0.000101061885050684,2,5572
"487",7.5692334174891e-05,7.03847831076429e-05,6.62176956621529e-05,1.79132430571494e-05,0.000101702654785163,2,5740
"488",9.14715400504935e-05,6.47425981179711e-05,6.17277943539132e-05,1.58432407619922e-05,0.000102350097381411,2,6169
"489",8.81722515492311e-05,6.42644021115446e-05,6.16527427128758e-05,1.53426669726876e-05,0.000101103444819734,2,6421
"490",8.43948817994033e-05,7.2010557723204e-05,6.78123708974065e-05,1.86984163415194e-05,9.52730843384246e-05,2,6296
"491",8.68334863438145e-05,7.13411751204957e-05,6.70883635529034e-05,1.7557034656874e-05,7.31429225377603e-05,2,6883
"492",8.49208170759697e-05,6.45512967638283e-05,6.27423686022493e-05,1.71997934358504e-05,7.62285272053009e-05,2,6359
"493",7.62183842093183e-05,6.16823502409915e-05,6.04936883176498e-05,2.64770484278173e-05,9.63175733635315e-05,2,6273
"494",7.87047280238696e-05,6.67508606839569e-05,6.39741794812945e-05,3.39716548083544e-05,9.99723683586292e-05,2,5728
"495",8.53990130823961e-05,6.59857700252467e-05,6.34639660316732e-05,2.48349781960064e-05,9.96741480098574e-05,2,4717
"496",6.33558641266927e-05,5.80483130594446e-05,5.64359651136103e-05,3.60411980720679e-05,9.68422240757941e-05,2,6572
"497",4.1360683956851e-05,6.12041542345651e-05,5.97696809731467e-05,2.71903832912555e-05,9.32264784746575e-05,2,7030
"498",5.51316272664677e-05,6.47425981179711e-05,6.25220335092954e-05,1.41304796878586e-05,7.42550864734234e-05,2,7429
"499",6.61292173513886e-05,7.0289189809502e-05,6.71606610052789e-05,2.58339453752582e-05,7.40167569736127e-05,2,6118
"500",9.06108560936424e-05,6.5794468671104e-05,6.31053477163186e-05,2.44080789534083e-05,0.000100953010954835,2,2843
"501",9.11846453982098e-05,7.0193596511361e-05,6.61468900619693e-05,1.69143906357586e-05,0.000100735639394231,2,5115
"502",8.0091462015148e-05,7.30625430341978e-05,6.83928161579068e-05,1.40592150562314e-05,9.94392940808687e-05,2,7424
"503",5.96740876750057e-05,6.80896258893734e-05,6.57118430112463e-05,2.63340601331191e-05,9.54554146438988e-05,2,7384
"504",6.00565756254303e-05,6.47425981179711e-05,6.32454670644939e-05,1.57008262565986e-05,9.19084426061821e-05,2,7639
"505",5.23582740417719e-05,6.88547165480835e-05,6.50571494147349e-05,9.63679137020886e-06,NA,2,8294
"506",6.08695203121414e-05,7.12454670644939e-05,6.70148037640578e-05,2.91906128069773e-05,7.1230682359674e-05,2,7129
"507",9.30973146660546e-05,6.86634151939408e-05,6.49147349093413e-05,2.67619921964655e-05,9.81720723437346e-05,2,4359
"508",8.78853568969474e-05,7.05760844617856e-05,6.66542345650677e-05,1.35605921505623e-05,9.92817061154923e-05,2,6073
"509",8.88894881799403e-05,7.13411751204957e-05,6.7088822584347e-05,1.17053018131742e-05,9.80459747044003e-05,2,5260
"510",8.22431719072757e-05,7.51663988983245e-05,6.96235942162038e-05,1.98411751204958e-05,9.68068159049988e-05,2,6770
"511",8.57336470048198e-05,7.80353454211614e-05,7.20138857011705e-05,1.61292173513886e-05,9.06099712617959e-05,2,6734
"512",8.40601331191187e-05,7.94698186825798e-05,7.37544181776452e-05,2.28358962588937e-05,NA,2,6536
"513",7.99957539591462e-05,7.91829240302961e-05,7.36085609364241e-05,2.46925636906128e-05,NA,2,6591
"514",7.76050034427358e-05,8.17649759008492e-05,7.79550149185219e-05,2.25523295845765e-05,NA,2,6043
"515",7.85612806977278e-05,8.29125545099839e-05,7.72311223318797e-05,3.38994721138398e-05,9.71735116876575e-05,2,5743
"516",7.68877668120266e-05,7.53577002524673e-05,7.01318567821896e-05,1.54153086986459e-05,0.00010228600002645,2,6855
"517",5.65661005278862e-05,7.80353454211614e-05,7.24499655726417e-05,2.2409800321322e-05,9.75551289695069e-05,2,7338
"518",8.66900390176727e-05,7.50708056001836e-05,6.97684186366766e-05,2.72622217121873e-05,9.99369401800389e-05,2,4127
"519",6.3021230204269e-05,6.69420472802387e-05,6.49859995409686e-05,2.14094560477393e-05,7.52568484438721e-05,2,8120
"520",5.66138397980262e-05,6.91416112003672e-05,6.60010328207482e-05,2.11254303419784e-05,7.73012315301195e-05,2,7641
"521",5.5896603167317e-05,6.85678218957999e-05,6.63625200826257e-05,3.26868257975671e-05,9.71948902020794e-05,2,6998
"522",7.03847831076429e-05,6.20648381914161e-05,6.03502409915079e-05,2.4050378700941e-05,9.88907548765862e-05,2,7001
"523",7.01457424833601e-05,6.35950195088363e-05,6.22322699104889e-05,8.85070002295157e-06,9.80524997287615e-05,2,7055
"524",6.50772320403948e-05,6.91416112003672e-05,6.53479458342896e-05,1.80571494147349e-05,9.8862656799757e-05,2,7494
"525",5.36971540050494e-05,7.44970162956163e-05,6.86093642414505e-05,2.01265779205876e-05,9.26844771183269e-05,2,7736
"526",5.01587101216433e-05,8.15736745467065e-05,7.44052100068855e-05,1.65580674776222e-05,7.33115702554726e-05,2,7498
"527",6.17779435391324e-05,8.33907505164104e-05,7.61437915997246e-05,1.53455359192105e-05,7.607621758647e-05,2,6598
"528",6.74680973146661e-05,8.27212531558412e-05,7.5708170759697e-05,2.38366995639201e-05,9.72445439043187e-05,2,6664
"529",9.56315125086068e-05,7.49750975441818e-05,6.86108560936424e-05,2.46208400275419e-05,0.000103748307483117,2,4972
"530",6.67985999540969e-05,7.52619921964655e-05,7.01304796878586e-05,3.9393963736516e-05,9.66186652725208e-05,2,7421
"531",6.53641266926784e-05,7.44013082396144e-05,7.16528574707367e-05,2.91178563231581e-05,9.63666785315769e-05,2,7363
"532",6.76592839109479e-05,7.33494376864815e-05,6.88264861142988e-05,2.02681891209548e-05,9.13571385902165e-05,2,7665
"533",5.78571264631627e-05,7.24887537296305e-05,6.82474179481294e-05,1.91263484048657e-05,7.06099068902813e-05,2,7702
"534",6.87112692219417e-05,6.79940325912325e-05,6.56386274959835e-05,1.66288730778058e-05,7.14399753236063e-05,2,6978
"535",8.92720908882258e-05,6.52206793665366e-05,6.25249024558182e-05,2.00534771631857e-05,0.000100061472763542,2,5099
"536",7.91829240302961e-05,7.89916226761533e-05,7.51310534771632e-05,1.69861142988295e-05,9.84815811531442e-05,2,6825
"537",6.79461785632316e-05,8.97980261647923e-05,8.27375487720909e-05,1.30608216662841e-05,9.86463080690759e-05,2,6211
"538",6.51729400963966e-05,9.24756713334863e-05,8.63601101675465e-05,1.36317420243287e-05,9.96381969353724e-05,3,5905
"539",6.58423226991049e-05,8.92242368602249e-05,8.30985770025247e-05,2.09825568051412e-05,9.57596507261829e-05,3,5823
"540",6.13476015607069e-05,8.39645398209777e-05,7.49130135414276e-05,2.06243975212302e-05,7.38740265816012e-05,3,7458
"541",5.49881799403259e-05,8.53033050263943e-05,7.73759467523525e-05,1.67001377094331e-05,7.22753034921595e-05,3,6891
"542",5.78571264631627e-05,8.21474638512738e-05,7.50564608675694e-05,3.44713105347716e-05,9.54763734403283e-05,3,6779
"543",4.28428964884095e-05,7.23930456736286e-05,6.82469589166858e-05,3.98946522836814e-05,9.8150199504737e-05,3,7442
"544",4.13128299288501e-05,8.00436079871471e-05,7.35359192104659e-05,3.1188317649759e-05,9.79079336873226e-05,3,7335
"545",4.84851962359422e-05,8.59728023869635e-05,7.75203121413817e-05,1.96981868257976e-05,9.93934198753408e-05,3,6879
"546",5.60879045214597e-05,9.57272205646087e-05,9.02700252467294e-05,1.89829010787239e-05,9.73435708352612e-05,3,5463
"547",6.89981638742254e-05,8.77897635988065e-05,7.88969474408997e-05,1.84841634151939e-05,8.53974445904371e-05,3,5687
"548",5.95306403488639e-05,9.36232499426211e-05,8.6140578379619e-05,1.93400275418866e-05,8.52747800315264e-05,3,5531
"549",5.13062887307781e-05,8.97024328666514e-05,8.05643791599725e-05,2.2408423226991e-05,9.80979755327468e-05,3,6227
"550",5.64703924718843e-05,8.96067248106495e-05,8.06346109708515e-05,1.4486688088134e-05,9.66309435439571e-05,3,6660
"551",6.18257975671333e-05,9.05631168235024e-05,8.40414275877898e-05,1.54865733302731e-05,7.50429291749454e-05,3,7403
"552",5.25495753959146e-05,9.49621299058986e-05,8.73728482901079e-05,2.22663529951802e-05,8.89230917124745e-05,3,6241
"553",5.17366307092036e-05,9.50577232040395e-05,8.63590773467983e-05,1.67709433096167e-05,8.95026268216724e-05,3,6207
"554",5.64703924718843e-05,9.88830617397292e-05,9.2370094101446e-05,1.87691071838421e-05,8.04253438467973e-05,3,4840
"555",6.58423226991049e-05,9.43883406013312e-05,9.07041542345651e-05,1.44169153086986e-05,8.52086942441859e-05,3,4672
"556",7.8417833371586e-05,8.15736745467065e-05,7.50578379619004e-05,2.07683038788157e-05,9.73231912237716e-05,3,6569
"557",7.66008721597429e-05,8.27212531558412e-05,7.62905669038329e-05,1.74130135414276e-05,9.73526146000461e-05,3,6290
"558",7.26799403259123e-05,8.22431719072757e-05,7.46237089740647e-05,1.74125545099839e-05,9.93546513332639e-05,3,7264
"559",6.07738122561395e-05,8.21474638512738e-05,7.5130020656415e-05,1.68435850355749e-05,9.88526618182935e-05,3,7446
"560",5.57531558411751e-05,8.39645398209777e-05,7.66505623135185e-05,9.27817305485426e-06,9.16348941392017e-05,3,7499
"561",8.02349093412899e-05,8.07129905898554e-05,7.64335551985311e-05,1.64882946981868e-05,7.59782996491265e-05,3,6969
"562",8.23866192334175e-05,8.5590199678678e-05,8.09267844847372e-05,1.91263484048657e-05,7.82241031695052e-05,3,6031
"563",7.40188202891898e-05,8.75984622446638e-05,8.30990360339683e-05,1.88417489098003e-05,9.64772529085153e-05,3,6830
"564",5.80483130594446e-05,9.39101445949047e-05,8.67205646086757e-05,1.31316272664678e-05,9.91828550335274e-05,3,6786
"565",6.62248106495295e-05,9.10411980720679e-05,8.55615102134496e-05,1.57725499196695e-05,9.87082318447058e-05,3,5713
"566",6.89025705760845e-05,8.83635529033739e-05,8.20107872389259e-05,1.89842781730549e-05,9.92966288559451e-05,3,6591
"567",9.68747991737434e-05,7.64095708056002e-05,7.03494376864815e-05,2.39806059215056e-05,0.00010015409224186,3,5870
"568",9.93134037181547e-05,6.83765205416571e-05,6.31067248106495e-05,2.44778517328437e-05,8.22272629779199e-05,3,4459
"569",8.75028689465228e-05,7.66008721597429e-05,7.15084920817076e-05,1.07781501032821e-05,7.53592106889281e-05,3,7410
"570",7.96611200367225e-05,8.51121184301125e-05,7.91848749139316e-05,1.59149644250631e-05,9.60598746750587e-05,3,6966
"571",7.51663988983245e-05,8.61639889832453e-05,8.10706908423227e-05,2.42660087215974e-05,9.75260430207752e-05,3,7592
"572",5.16410374110627e-05,8.31038558641267e-05,7.50578379619004e-05,1.89120954785403e-05,9.53390279704489e-05,3,8173
"573",6.84722285976589e-05,8.9128643562084e-05,8.48362405324765e-05,3.26845306403489e-05,9.74296079027806e-05,3,6861
"574",6.82330732155153e-05,8.97024328666514e-05,8.42571723663071e-05,1.7557034656874e-05,9.38308407961403e-05,3,6904
"575",7.03847831076429e-05,8.67377782878127e-05,8.00555428046821e-05,1.80571494147349e-05,7.64079639380503e-05,3,6685
"576",7.15802157447785e-05,8.2816961211843e-05,7.66505623135185e-05,1.95542804682121e-05,7.73054318477296e-05,3,6597
"577",7.67443194858848e-05,8.38688317649759e-05,7.86076428735368e-05,1.76287583199449e-05,9.79600881689249e-05,3,7105
"578",8.08086986458572e-05,8.18605691989901e-05,7.60725269680973e-05,1.89838191416112e-05,9.93635137177628e-05,3,7216
"579",7.77484507688777e-05,8.23387652054166e-05,7.65788386504476e-05,1.62014000459031e-05,9.84979740241494e-05,3,7580
"580",7.5692334174891e-05,8.63552903373881e-05,8.11439063575855e-05,1.48443883406013e-05,9.92218497197054e-05,3,7261
"581",7.37319256369061e-05,8.78853568969474e-05,8.29546706449392e-05,2.47638283222401e-05,9.35176603151323e-05,3,7175
"582",7.03847831076429e-05,9.10411980720679e-05,8.62137938948818e-05,2.95453293550608e-05,7.53224588264132e-05,3,6824
"583",7.48795042460408e-05,8.8267959605233e-05,8.38970621987606e-05,3.33280927243516e-05,7.89065306463976e-05,3,5464
"584",7.50708056001836e-05,8.63552903373881e-05,8.15063116823502e-05,1.48443883406013e-05,9.45815536974007e-05,3,7013
"585",8.07608446178563e-05,8.44426210695433e-05,8.00574936883177e-05,1.34161120036723e-05,9.45927919945371e-05,3,7273
"586",7.72225154923112e-05,8.60683956851044e-05,8.12160890521001e-05,1.27036952031214e-05,9.55198494542589e-05,3,7534
"587",7.11977277943539e-05,8.67377782878127e-05,8.02740417718614e-05,1.79137020885931e-05,9.59203092180961e-05,3,7286
"588",8.21474638512738e-05,8.21474638512738e-05,7.66515951342667e-05,2.74056690383291e-05,9.36349570294684e-05,3,5786
"589",8.41079871471196e-05,7.94698186825798e-05,7.32461556116594e-05,2.36950883635529e-05,7.38210592826466e-05,3,6299
"590",6.08695203121414e-05,8.04260959375717e-05,7.39705072297452e-05,1.40592150562314e-05,7.64935497103557e-05,3,6544
"591",6.25908882258435e-05,8.27212531558412e-05,7.59988524213909e-05,1.56313977507459e-05,9.46339704409226e-05,3,6883
"592",7.88004360798715e-05,8.33907505164104e-05,7.76657103511591e-05,1.94122102364012e-05,9.56766599832843e-05,3,6784
"593",7.11020197383521e-05,8.10955932981409e-05,7.50558870782649e-05,1.94825568051412e-05,9.60454725407572e-05,3,7347
"594",5.95784943768648e-05,8.25300665595593e-05,7.51305944457195e-05,1.62722056460868e-05,9.4567720492404e-05,3,7605
"595",6.55075740188203e-05,8.30081478081249e-05,2.78173054854258e-05,2.65496901537755e-05,9.09489762275912e-05,3,7148
"596",6.92372044985081e-05,7.78440440670186e-05,7.09285058526509e-05,2.04116364470966e-05,7.35092311865321e-05,3,7865
"597",8.16693826027083e-05,7.2966834978196e-05,6.926256598577e-05,9.9208170759697e-06,8.42835817348674e-05,3,4549
"598",8.42514344732614e-05,7.2966834978196e-05,6.83918980950195e-05,1.49161120036723e-05,9.67269933334997e-05,3,6530
"599",7.73181087904521e-05,7.44970162956163e-05,6.89723433555199e-05,8.35102134496213e-06,9.70511455769804e-05,3,7006
"600",7.77005967408767e-05,7.66008721597429e-05,7.13626348404866e-05,8.06556116593987e-06,9.77347965284774e-05,3,7375
"601",7.2966834978196e-05,7.98523066330044e-05,7.31016754647693e-05,9.70803305026394e-06,9.46142724492017e-05,3,7765
"602",7.05760844617856e-05,8.06173972917145e-05,7.42598117971081e-05,8.27929768189121e-06,9.47032360505932e-05,3,7582
"603",8.18128299288501e-05,7.59314895570347e-05,7.10002295157218e-05,2.804773927014e-05,8.00821418302508e-05,3,6053
"604",9.70659857700252e-05,7.49750975441818e-05,6.8395226072986e-05,2.62632545329355e-05,8.23723408878437e-05,3,5255
"605",8.38210924948359e-05,8.07129905898554e-05,7.51305944457195e-05,1.47731237089741e-05,9.83496601843379e-05,3,6917
"606",7.1149873766353e-05,8.35819371126922e-05,7.64344732614184e-05,2.19101445949048e-05,9.9516582510902e-05,3,7040
"607",6.33558641266927e-05,7.86091347257287e-05,7.29553591921047e-05,1.29173743401423e-05,9.72094651365261e-05,3,7697
"608",6.77549919669497e-05,8.10955932981409e-05,7.49115216892357e-05,8.84974753270599e-06,9.73202603701574e-05,3,7713
"609",6.74202432866651e-05,8.76941703006656e-05,7.9114069313748e-05,1.93404865733303e-05,9.23839813639479e-05,3,7350
"610",7.32537296304797e-05,8.6450883635529e-05,8.06350700022952e-05,1.29890980032132e-05,7.07984979055756e-05,3,6140
"611",9.35276566444801e-05,7.99480146890062e-05,7.44778517328437e-05,7.35262795501492e-06,NA,3,5810
"612",9.07543034197843e-05,8.11911865962818e-05,7.59271287583199e-05,1.73423226991049e-05,7.73864328897779e-05,3,6034
"613",8.66421849896718e-05,8.32950424604085e-05,7.88257975671334e-05,2.71196924489328e-05,0.000100262659076063,3,6864
"614",8.50642644021115e-05,8.45383291255451e-05,8.13613725040165e-05,2.15524443424375e-05,0.000101332869310547,3,7112
"615",9.30017213679137e-05,7.99480146890062e-05,7.52041542345651e-05,1.63439293091577e-05,0.000103454128361783,3,6203
"616",8.44904750975442e-05,8.07129905898554e-05,7.54193252237778e-05,1.96977277943539e-05,9.87767888646214e-05,3,7504
"617",9.17106954326371e-05,7.5644594904751e-05,7.01309387193023e-05,3.22588937342208e-05,8.4858598958607e-05,3,5976
"618",6.28299288501262e-05,7.00022951572183e-05,6.64361946293321e-05,2.57626807436309e-05,7.89091065014604e-05,3,8227
"619",5.78092724351618e-05,6.69420472802387e-05,6.49132430571494e-05,2.96893504705072e-05,9.77081215777566e-05,3,7525
"620",5.96740876750057e-05,6.62726646775304e-05,6.36093642414505e-05,1.0563943080101e-05,9.89485508610179e-05,3,7767
"621",6.62248106495295e-05,6.87591232499426e-05,6.54205875602479e-05,1.51303649299977e-05,9.9447091668346e-05,3,7870
"622",7.31102823043378e-05,7.0289189809502e-05,6.65088363552903e-05,9.49286206105118e-06,9.92587853877422e-05,3,7804
"623",7.71746614643103e-05,7.26799403259123e-05,6.81756942850585e-05,1.1919095708056e-05,9.49987036903887e-05,3,8009
"624",5.7570231810879e-05,6.98109938030755e-05,6.72328436997934e-05,2.84049804911636e-05,7.31426623265351e-05,3,8714
"625",6.54119807206794e-05,6.65595593298141e-05,6.46230204268992e-05,1.0349242598118e-05,8.08610210473084e-05,3,7333
"626",8.42991737434014e-05,6.6655152627955e-05,6.3466834978196e-05,1.74135873307322e-05,9.76836821605873e-05,3,6869
"627",0.000100126233647005,7.15323617167776e-05,6.48458801927932e-05,4.10359192104659e-05,0.000104304837000166,3,4073
"628",6.15867569428506e-05,6.34037181546936e-05,6.20156070690842e-05,2.46930227220565e-05,0.000102845175575597,3,7591
"629",7.09585724122102e-05,6.27343355519853e-05,6.10732155152628e-05,1.35605921505623e-05,0.000100799618504437,3,7720
"630",7.67443194858848e-05,6.87591232499426e-05,6.56381684645398e-05,1.7698990130824e-05,9.71935991108718e-05,3,8167
"631",7.42101216433326e-05,7.45926095937572e-05,7.0058296993344e-05,3.25433784714253e-05,8.04193562541941e-05,3,8395
"632",5.36014459490475e-05,6.07260729859995e-05,5.95516410374111e-05,2.56206105118201e-05,7.91418509625858e-05,4,7907
"633",5.65661005278862e-05,5.90047050722975e-05,5.76673169612118e-05,1.63419784255221e-05,9.93096873289666e-05,4,7436
"634",6.54119807206794e-05,6.31168235024099e-05,6.24488179940326e-05,2.71196924489328e-05,0.000101893653899426,4,7538
"635",7.23930456736286e-05,7.28712416800551e-05,6.84660316731696e-05,2.80468212072527e-05,0.000103078766572479,4,7733
"636",7.9278517328437e-05,7.45926095937572e-05,6.97699104888685e-05,1.54168005508377e-05,0.000103100461542985,4,7393
"637",7.91829240302961e-05,7.10542804682121e-05,6.72323846683498e-05,1.8840830846913e-05,9.8584972895323e-05,4,7415
"638",6.23039935735598e-05,6.22561395455589e-05,6.08556346109708e-05,2.611934817535e-05,8.00286847702837e-05,4,8555
"639",6.69420472802387e-05,6.04391783337159e-05,5.9405898554051e-05,1.54874913931604e-05,8.11917279855226e-05,4,6889
"640",7.44970162956163e-05,5.97696809731467e-05,5.8756024787698e-05,1.04204957539591e-05,0.000101839559367739,4,6778
"641",0.000100030640348864,6.78027312370897e-05,6.22369749827863e-05,1.1989327518935e-05,0.000106965507779663,4,4639
"642",9.10890521000689e-05,7.54532935506082e-05,6.87552214826716e-05,7.63665366077576e-06,0.000103724617022161,4,7572
"643",8.29604085379849e-05,7.54532935506082e-05,6.97699104888685e-05,1.3489327518935e-05,0.000100804633010374,4,7328
"644",7.2010557723204e-05,7.05760844617856e-05,6.65810190498049e-05,1.22044985081478e-05,9.34271942699188e-05,4,8156
"645",7.62183842093183e-05,6.35950195088363e-05,6.17995180169842e-05,3.07579756713335e-05,7.1087920370003e-05,4,7965
"646",8.12867798944228e-05,4.7720105577232e-05,4.81768418636677e-05,1.61994491622676e-05,8.92234194965432e-05,4,3510
"647",8.14302272205646e-05,4.39904750975442e-05,4.44810649529493e-05,2.17671563002066e-05,9.64485563427579e-05,4,5478
"648",8.74072756483819e-05,5.1258549460638e-05,5.02767959605233e-05,2.18384209318338e-05,0.000103967893077272,4,6392
"649",7.23930456736286e-05,5.90047050722975e-05,5.77394996557264e-05,2.15539361946293e-05,0.00010311943528449,4,7691
"650",5.3171103970622e-05,4.99196694973606e-05,4.94798026164792e-05,2.0839568510443e-05,0.000102114788786414,4,7570
"651",6.18736515951343e-05,5.02065641496442e-05,4.96983015836585e-05,2.69786550378701e-05,9.80532011265623e-05,4,7282
"652",5.6757287124168e-05,4.51380537066789e-05,4.49157677300895e-05,1.67709433096167e-05,7.84046884873732e-05,4,7109
"653",7.34928850126234e-05,5.98653890291485e-05,5.83204039476704e-05,3.19729171448244e-05,7.88042006182439e-05,4,6639
"654",8.11911865962818e-05,6.44557034656874e-05,6.18717007114987e-05,3.39725728712417e-05,9.99125886931765e-05,4,5875
"655",6.40731007574019e-05,5.37448932751894e-05,5.28857011705302e-05,2.09112921735139e-05,0.000100713960228283,4,7534
"656",7.95176727105807e-05,5.23104200137709e-05,5.16534312600413e-05,1.16331191186596e-05,9.96998330573823e-05,4,7461
"657",8.35819371126922e-05,5.99609823272894e-05,5.88277484507689e-05,2.71903832912555e-05,9.93528903713524e-05,4,7509
"658",9.35276566444801e-05,6.46468900619692e-05,6.17277943539132e-05,1.54870323617168e-05,9.88263215941796e-05,4,5424
"659",6.5746729400964e-05,5.55619692448933e-05,5.42623364700482e-05,1.34882946981868e-05,7.49543309106043e-05,4,8090
"660",5.8526509065871e-05,5.32668120266238e-05,5.23788156988754e-05,1.90560018361258e-05,7.89044377793103e-05,4,6824
"661",6.52206793665366e-05,5.59444571953179e-05,5.54213908652743e-05,9.35084920817076e-06,0.000101262674662667,4,7058
"662",7.36363323387652e-05,6.24474408997016e-05,6.08565526738582e-05,1.0849873766353e-05,0.000101831078027291,4,7466
"663",7.30146890061969e-05,6.74202432866651e-05,6.41176268074363e-05,8.3519853109938e-06,0.000102898703312249,4,7693
"664",9.1854142758779e-05,6.31168235024099e-05,6.07858618315355e-05,1.42730089511132e-05,0.000101112918896991,4,7359
"665",9.26191186596282e-05,6.26386274959835e-05,5.99896717925178e-05,1.5201629561625e-05,9.65359652122737e-05,4,7444
"666",8.26256598577002e-05,6.08216662841405e-05,5.91155611659399e-05,2.70475097544182e-05,7.61301193961129e-05,4,7852
"667",7.97088593068625e-05,5.47968785861832e-05,5.3680399357356e-05,NA,8.90731008346106e-05,4,4459
"668",0.000100986917603856,5.04934588019279e-05,5.04246040853799e-05,4.11062657792059e-05,0.000104325328103157,4,22
"669",9.47274500803305e-05,3.65138857011705e-05,3.55644939178334e-05,2.44444571953179e-05,0.000105648432173078,4,1096
"670",7.6505278861602e-05,4.10259352765664e-05,4.14390635758549e-05,1.91263484048657e-05,0.00010611906398161,4,5566
"671",6.67508606839569e-05,4.19822125315584e-05,4.24537525820519e-05,1.80566903832913e-05,0.000105824155068889,4,5986
"672",5.99131282992885e-05,4.07390406242828e-05,4.08586183153546e-05,3.05456736286436e-05,0.000102628502602454,4,5847
"673",5.63747991737434e-05,3.94001606610053e-05,3.71638742253844e-05,3.10453293550608e-05,9.1775019558867e-05,4,5138
"674",6.11564149644251e-05,3.73918980950195e-05,3.78170759697039e-05,2.05540509524902e-05,8.77705511509739e-05,4,5107
"675",5.6709547854028e-05,3.66269221941703e-05,3.53540280009181e-05,2.71201514803764e-05,0.000106509435086263,4,5259
"676",6.50772320403948e-05,3.22277943539132e-05,3.23120266238237e-05,1.99119807206794e-05,0.000105352802315921,4,5686
"677",6.28299288501262e-05,3.39491622676153e-05,3.15149185219188e-05,3.48987835666743e-05,0.00010732765978978,4,5035
"678",3.8269221941703e-05,4.04147349093413e-05,3.9234679825568e-05,3.99168005508377e-05,0.000107416812426063,4,5315
"679",6.20648381914161e-05,4.15041312829929e-05,4.078643562084e-05,2.46222171218728e-05,0.000101179202137162,4,5992
"680",7.40666743171907e-05,4.46599724581134e-05,4.52073674546706e-05,6.63826027082855e-06,7.80620332957924e-05,4,6536
"681",7.5644594904751e-05,4.82938948817994e-05,4.83948817994033e-05,1.46316272664678e-05,7.64047521143114e-05,4,6852
"682",8.51121184301125e-05,5.56575625430342e-05,5.45539361946293e-05,1.9912439752123e-05,9.46766081742671e-05,4,6269
"683",7.60749368831765e-05,3.94001606610053e-05,3.70926095937572e-05,3.92524672940096e-05,0.000105591808026637,4,4094
"684",6.33558641266927e-05,3.31841863667661e-05,3.23115675923801e-05,2.2908537984852e-05,0.000106968109845097,4,5495
"685",7.11977277943539e-05,3.6913816846454e-05,3.72380078035345e-05,1.75564608675694e-05,0.000108013597278521,4,5445
"686",6.02000229515722e-05,3.9591462015148e-05,3.98443883406013e-05,1.96264631627266e-05,0.000105010088943988,4,5698
"687",6.25908882258435e-05,3.72963047968786e-05,3.74550149185219e-05,2.06253155841175e-05,8.79898610237249e-05,4,5629
"688",7.95176727105807e-05,3.93045673628644e-05,3.87590084920817e-05,2.61202662382373e-05,9.20963171648708e-05,4,4669
"689",7.15323617167776e-05,4.37035804452605e-05,4.31054624741795e-05,2.69757860913473e-05,0.000105387742791969,4,5499
"690",7.86091347257287e-05,4.29386045444113e-05,4.36845306403489e-05,9.49334404406702e-06,0.000103880917759799,4,5634
"691",7.04326371356438e-05,4.054773927014e-05,4.18742253844388e-05,1.18482901078724e-05,0.000101043114613087,4,5146
"692",6.6607413357815e-05,3.90176727105807e-05,4.02078264861143e-05,6.06733991278403e-06,NA,4,2425
"693",6.52685333945375e-05,4.22691071838421e-05,4.34678677989442e-05,1.69865733302731e-05,NA,4,3910
"694",4.64290796419555e-05,3.19408997016296e-05,2.8545099839339e-05,4.32489098003213e-05,8.7945747603869e-05,4,2277
"695",5.37448932751894e-05,2.82112692219417e-05,2.9559674087675e-05,1.72710580674776e-05,0.000100129074188117,4,2424
"696",6.14433096167088e-05,3.59574248336011e-05,3.89033738811109e-05,5.3534542116135e-06,0.000107155462814821,4,5087
"697",9.02762221712187e-05,3.34710810190498e-05,3.23109938030755e-05,2.72621069543264e-05,0.000111192511862612,4,3959
"698",5.80961670874455e-05,3.40448703236172e-05,3.32524672940096e-05,2.41933669956392e-05,0.000110438078316349,4,5260
"699",6.37654349322929e-05,3.2232040394767e-05,3.42462703695203e-05,1.32570576084462e-05,0.000109519055690483,4,5323
"700",7.45447555657563e-05,3.4236056919899e-05,3.71662841404636e-05,6.70998393389947e-06,0.000107428583275738,4,5668
"701",9.25713793894882e-05,3.4236056919899e-05,3.63672251549231e-05,6.85152627955015e-06,9.37340262518058e-05,4,5191
"702",9.44839338994721e-05,3.98783566674317e-05,4.12219417030067e-05,1.42734679825568e-05,9.27393597444432e-05,4,4649
"703",8.80766582510902e-05,5.19279320633463e-05,5.23061739729171e-05,9.49286206105118e-06,0.000104541208233495,4,6234
"704",8.42035804452605e-05,5.46055772320404e-05,5.3827633692908e-05,1.99826715630021e-05,0.000105186019956263,4,6606
"705",5.56575625430342e-05,5.03021574477852e-05,4.91177415652972e-05,3.71839568510443e-05,0.000108127584781101,4,5729
"706",5.83830617397292e-05,2.93588478310764e-05,2.96309387193023e-05,2.0054395226073e-05,0.00010749875901383,4,5375
"707",8.76941703006656e-05,3.68181087904521e-05,3.69472113839798e-05,1.49873766352995e-05,0.000106760557906523,4,5008
"708",0.000104573100757402,4.37992885012623e-05,4.46991048886849e-05,1.16340371815469e-05,9.10538455725134e-05,4,5582
"709",0.000103903718154694,4.4086183153546e-05,4.47723204039477e-05,1.81288730778058e-05,9.90799747106097e-05,4,3228
"710",0.000106151021344962,5.00152627955015e-05,4.99856552673858e-05,2.18393389947211e-05,0.000107455087946252,4,5170
"711",6.84722285976589e-05,4.054773927014e-05,3.88298140922653e-05,3.39725728712417e-05,0.000108874982022798,4,5501
"712",6.17779435391324e-05,3.41404636217581e-05,3.41218728482901e-05,1.86983015836585e-05,0.000108069585507724,4,5319
"713",5.57531558411751e-05,3.39491622676153e-05,3.37603855864127e-05,1.99826715630021e-05,0.000105941503196874,4,5532
"714",7.3779779664907e-05,3.23235024099151e-05,3.37608446178563e-05,1.50595593298141e-05,0.000105983823784284,4,5611
"715",7.46404636217581e-05,3.72007114987377e-05,3.88321092494836e-05,1.22044985081478e-05,9.73179403030835e-05,4,5047
"716",9.62531558411751e-05,4.15997245811338e-05,4.24532935506082e-05,1.15609364241451e-05,9.8450483953238e-05,4,3786
"717",0.000104094904750975,4.51380537066789e-05,4.60752811567592e-05,1.12759123249943e-05,0.000109451717726198,4,4585
"718",7.64574248336011e-05,4.71463162726647e-05,4.7017213679137e-05,2.54078494376865e-05,0.000105815958128601,4,5557
"719",7.17715170989213e-05,3.81569887537296e-05,3.92657792058756e-05,2.1126004131283e-05,0.000107502427519855,4,5267
"720",7.66487261877439e-05,3.78700941014459e-05,3.84687858618315e-05,1.52011705301813e-05,0.00010602870191957,4,4128
"721",6.388191416112e-05,3.74876061510213e-05,3.46301354142759e-05,4.29633922423686e-05,0.000107757726422201,1,3623
"722",5.06369061280698e-05,3.05064264402112e-05,2.70958228138627e-05,NA,0.000101307111063694,1,1749
"723",5.91481523984393e-05,2.82112692219417e-05,2.97763369290796e-05,1.52723204039477e-05,8.85568495801224e-05,1,1787
"724",9.08083543722745e-05,2.65439522607299e-05,2.97108101904981e-05,8.86279550149185e-06,9.30536567841854e-05,1,920
"725",8.43221253155841e-05,3.34294239155382e-05,3.37921735138857e-05,1.93626348404866e-05,NA,1,1013
"726",9.44839338994721e-05,2.7924374569658e-05,2.52849437686482e-05,3.63261418407161e-05,0.000112415863751973,1,441
"727",7.49273582740418e-05,2.91676612347946e-05,2.60089511131513e-05,4.01805141152169e-05,0.000101349539416014,1,2114
"728",6.77071379389488e-05,2.90719531787927e-05,2.92685333945375e-05,1.78415193940785e-05,9.087932701096e-05,1,3095
"729",8.6403144365389e-05,2.90719531787927e-05,2.78173054854258e-05,1.42739270140005e-05,0.000101151224160868,1,1341
"730",5.54662611888914e-05,2.93588478310764e-05,2.65893963736516e-05,4.02517787468442e-05,9.14995862071786e-05,1,1796
"731",6.62726646775304e-05,2.47685333945375e-05,2.56468900619692e-05,1.77697957310076e-05,9.6297362217608e-05,1,2729
